unique_top_cov	unique_bot_cov	redundant_top_cov	redundant_bot_cov	raw_redundant_top_cov	raw_redundant_bot_cov	e_value	position
12	15	0	0	0	0	21480.5	1
9	11	0	0	0	0	32436.2	2
10	8	0	0	0	0	28563.5	3
9	12	0	0	0	0	27204.1	4
10	15	0	0	0	0	20940.4	5
12	6	0	0	0	0	35348.3	6
10	11	0	0	0	0	35646.5	7
9	7	0	0	0	0	20755.7	8
23	14	0	0	0	0	23594.0	9
18	14	0	0	0	0	37005.2	10
6	16	0	0	0	0	34638.8	11
14	13	0	0	0	0	39104.0	12
8	16	0	0	0	0	35875.3	13
11	15	0	0	0	0	20411.6	14
12	13	0	0	0	0	31650.7	15
18	10	0	0	0	0	32807.8	16
7	14	0	0	0	0	29153.0	17
16	9	0	0	0	0	39747.8	18
12	10	0	0	0	0	24506.9	19
5	13	0	0	0	0	21629.3	20
9	12	0	0	0	0	24943.2	21
12	7	0	0	0	0	27467.5	22
15	15	0	0	0	0	20054.0	23
7	7	0	0	0	0	20125.6	24
17	8	0	0	0	0	22520.2	25
14	7	0	0	0	0	36283.3	26
15	10	0	0	0	0	21415.9	27
14	7	0	0	0	0	27906.6	28
11	15	0	0	0	0	28362.6	29
10	16	0	0	0	0	30233.9	30
17	11	0	0	0	0	20948.2	31
13	16	0	0	0	0	32986.1	32
19	7	0	0	0	0	33046.1	33
13	9	0	0	0	0	32360.9	34
15	9	0	0	0	0	23925.6	35
14	15	0	0	0	0	27619.6	36
9	11	0	0	0	0	36820.7	37
8	12	0	0	0	0	27918.0	38
13	15	0	0	0	0	25441.2	39
5	18	0	0	0	0	20943.4	40
9	10	0	0	0	0	31249.6	41
12	7	0	0	0	0	28737.2	42
11	17	0	0	0	0	38182.4	43
14	13	0	0	0	0	39808.9	44
15	10	0	0	0	0	38248.8	45
11	18	0	0	0	0	20713.9	46
15	9	0	0	0	0	26945.3	47
15	10	0	0	0	0	23034.4	48
8	8	0	0	0	0	26087.8	49
9	20	0	0	0	0	27054.9	50
17	14	0	0	0	0	28340.1	51
19	12	0	0	0	0	38967.2	52
20	13	0	0	0	0	31836.4	53
9	13	0	0	0	0	29195.3	54
10	21	0	0	0	0	36928.9	55
11	16	0	0	0	0	27579.9	56
10	16	0	0	0	0	26981.5	57
16	15	0	0	0	0	20628.4	58
15	11	0	0	0	0	22193.0	59
13	14	0	0	0	0	24537.1	60
17	12	0	0	0	0	28774.1	61
12	19	0	0	0	0	27194.7	62
16	14	0	0	0	0	32826.5	63
6	14	0	0	0	0	37458.8	64
13	15	0	0	0	0	35869.0	65
8	10	0	0	0	0	37401.0	66
15	16	0	0	0	0	31129.2	67
8	17	0	0	0	0	35249.9	68
16	11	0	0	0	0	21574.1	69
15	14	0	0	0	0	29598.4	70
17	15	0	0	0	0	31478.5	71
12	16	0	0	0	0	25909.2	72
19	18	0	0	0	0	38351.0	73
16	18	0	0	0	0	24568.3	74
13	12	0	0	0	0	29102.9	75
12	17	0	0	0	0	23396.1	76
10	16	0	0	0	0	29050.4	77
11	10	0	0	0	0	20722.2	78
13	15	0	0	0	0	32033.0	79
14	19	0	0	0	0	39775.4	80
19	15	0	0	0	0	21697.1	81
14	15	0	0	0	0	32255.1	82
15	16	0	0	0	0	23603.4	83
11	20	0	0	0	0	20728.6	84
17	17	0	0	0	0	35817.5	85
11	18	0	0	0	0	36834.0	86
15	9	0	0	0	0	27697.1	87
9	20	0	0	0	0	21626.6	88
25	15	0	0	0	0	31275.2	89
21	17	0	0	0	0	20458.3	90
14	14	0	0	0	0	36246.5	91
13	16	0	0	0	0	38863.8	92
14	17	0	0	0	0	27750.4	93
15	14	0	0	0	0	35079.4	94
14	17	0	0	0	0	34760.7	95
10	14	0	0	0	0	31974.3	96
17	22	0	0	0	0	24954.4	97
9	19	0	0	0	0	26979.7	98
16	11	0	0	0	0	27086.7	99
15	14	0	0	0	0	32497.0	100
20	9	0	0	0	0	22918.5	101
15	15	0	0	0	0	24655.5	102
13	17	0	0	0	0	28111.1	103
20	15	0	0	0	0	32793.0	104
22	14	0	0	0	0	27164.3	105
14	10	0	0	0	0	29560.6	106
8	15	0	0	0	0	20838.6	107
18	16	0	0	0	0	37362.4	108
14	14	0	0	0	0	20121.9	109
17	15	0	0	0	0	31617.1	110
15	15	0	0	0	0	37108.3	111
16	20	0	0	0	0	39924.5	112
12	15	0	0	0	0	23804.0	113
15	17	0	0	0	0	25766.1	114
16	16	0	0	0	0	28708.7	115
14	16	0	0	0	0	29700.2	116
15	21	0	0	0	0	28790.1	117
22	19	0	0	0	0	34165.1	118
18	12	0	0	0	0	35713.6	119
17	10	0	0	0	0	31719.7	120
16	14	0	0	0	0	31843.9	121
12	17	0	0	0	0	34982.3	122
18	11	0	0	0	0	29868.2	123
15	19	0	0	0	0	29957.5	124
13	22	0	0	0	0	20635.0	125
11	21	0	0	0	0	22605.6	126
15	19	0	0	0	0	33490.2	127
18	21	0	0	0	0	23716.8	128
7	21	0	0	0	0	23591.3	129
20	18	0	0	0	0	23985.9	130
11	23	0	0	0	0	24645.8	131
14	14	0	0	0	0	29013.6	132
11	17	0	0	0	0	28333.0	133
22	17	0	0	0	0	36898.4	134
19	10	0	0	0	0	38778.0	135
14	23	0	0	0	0	24219.2	136
15	15	0	0	0	0	30633.5	137
22	14	0	0	0	0	24835.6	138
23	16	0	0	0	0	25330.7	139
18	12	0	0	0	0	20526.2	140
9	17	0	0	0	0	33135.6	141
21	13	0	0	0	0	25057.5	142
12	21	0	0	0	0	23295.2	143
19	11	0	0	0	0	32634.1	144
16	16	0	0	0	0	24839.9	145
17	11	0	0	0	0	22688.6	146
21	19	0	0	0	0	20853.7	147
18	19	0	0	0	0	38292.6	148
28	20	0	0	0	0	25079.2	149
17	24	0	0	0	0	35193.5	150
16	21	0	0	0	0	22069.5	151
18	18	0	0	0	0	31816.3	152
15	22	0	0	0	0	32685.0	153
20	12	0	0	0	0	37327.3	154
17	25	0	0	0	0	22741.2	155
17	13	0	0	0	0	33603.8	156
16	13	0	0	0	0	22151.3	157
24	25	0	0	0	0	21608.6	158
19	17	0	0	0	0	36799.7	159
19	12	0	0	0	0	27040.0	160
15	11	0	0	0	0	30438.2	161
24	12	0	0	0	0	33643.8	162
30	18	0	0	0	0	27332.1	163
16	20	0	0	0	0	33088.7	164
14	23	0	0	0	0	39916.4	165
17	19	0	0	0	0	38334.5	166
20	19	0	0	0	0	22906.3	167
17	23	0	0	0	0	37218.4	168
15	14	0	0	0	0	23196.9	169
18	19	0	0	0	0	37829.3	170
21	11	0	0	0	0	35065.5	171
18	14	0	0	0	0	26813.9	172
21	22	0	0	0	0	21249.0	173
18	15	0	0	0	0	34366.2	174
17	24	0	0	0	0	35799.9	175
18	9	0	0	0	0	25504.6	176
20	20	0	0	0	0	26866.7	177
16	20	0	0	0	0	39721.8	178
27	20	0	0	0	0	22599.8	179
8	21	0	0	0	0	35539.0	180
22	19	0	0	0	0	35390.6	181
24	19	0	0	0	0	24334.1	182
14	22	0	0	0	0	20021.4	183
21	23	0	0	0	0	27488.0	184
16	17	0	0	0	0	37735.2	185
20	17	0	0	0	0	38912.9	186
29	16	0	0	0	0	38744.0	187
22	15	0	0	0	0	34585.1	188
17	14	0	0	0	0	23203.8	189
18	20	0	0	0	0	31229.5	190
18	32	0	0	0	0	21616.7	191
22	19	0	0	0	0	28438.0	192
18	19	0	0	0	0	23277.8	193
14	15	0	0	0	0	22429.1	194
25	23	0	0	0	0	21081.4	195
27	23	0	0	0	0	35332.9	196
18	12	0	0	0	0	33970.1	197
22	18	0	0	0	0	24326.9	198
14	25	0	0	0	0	22069.9	199
18	12	0	0	0	0	20817.0	200
23	28	0	0	0	0	37325.1	201
17	29	0	0	0	0	38853.2	202
23	20	0	0	0	0	23468.0	203
20	19	0	0	0	0	22482.8	204
15	14	0	0	0	0	33112.7	205
20	21	0	0	0	0	34377.5	206
24	26	0	0	0	0	28832.9	207
27	20	0	0	0	0	33786.7	208
22	21	0	0	0	0	24415.7	209
19	12	0	0	0	0	28449.3	210
16	28	0	0	0	0	37701.5	211
12	14	0	0	0	0	31135.6	212
19	21	0	0	0	0	38368.0	213
20	7	0	0	0	0	35795.1	214
22	16	0	0	0	0	21464.2	215
20	30	0	0	0	0	33065.1	216
20	23	0	0	0	0	24807.5	217
23	22	0	0	0	0	29017.9	218
21	31	0	0	0	0	21719.5	219
29	24	0	0	0	0	23885.2	220
22	21	0	0	0	0	38693.7	221
21	21	0	0	0	0	22607.2	222
21	19	0	0	0	0	31906.4	223
20	21	0	0	0	0	31128.2	224
24	27	0	0	0	0	28893.3	225
20	23	0	0	0	0	21784.3	226
35	24	0	0	0	0	26095.2	227
20	23	0	0	0	0	38627.2	228
22	21	0	0	0	0	38756.7	229
19	30	0	0	0	0	33947.8	230
24	16	0	0	0	0	26838.4	231
24	22	0	0	0	0	38252.1	232
26	22	0	0	0	0	30304.3	233
13	20	0	0	0	0	37569.2	234
21	18	0	0	0	0	23561.2	235
25	27	0	0	0	0	21683.7	236
22	34	0	0	0	0	39174.6	237
17	16	0	0	0	0	38550.8	238
25	24	0	0	0	0	37085.6	239
23	14	0	0	0	0	28518.9	240
19	20	0	0	0	0	32369.7	241
27	24	0	0	0	0	27759.0	242
24	17	0	0	0	0	29117.3	243
33	21	0	0	0	0	36327.2	244
24	30	0	0	0	0	32106.6	245
22	37	0	0	0	0	33233.8	246
22	20	0	0	0	0	24301.2	247
20	29	0	0	0	0	35585.1	248
20	25	0	0	0	0	35434.9	249
26	24	0	0	0	0	32513.0	250
23	15	0	0	0	0	22705.7	251
21	24	0	0	0	0	25123.3	252
17	25	0	0	0	0	31536.5	253
19	27	0	0	0	0	21521.2	254
25	22	0	0	0	0	34933.8	255
24	23	0	0	0	0	26100.2	256
28	32	0	0	0	0	38426.5	257
17	30	0	0	0	0	38908.1	258
18	14	0	0	0	0	21994.9	259
25	21	0	0	0	0	38108.2	260
24	23	0	0	0	0	24151.3	261
23	28	0	0	0	0	33293.9	262
25	20	0	0	0	0	21924.4	263
23	24	0	0	0	0	35927.3	264
16	35	0	0	0	0	28063.1	265
23	22	0	0	0	0	26836.9	266
15	20	0	0	0	0	36973.9	267
23	27	0	0	0	0	32096.9	268
23	21	0	0	0	0	24262.9	269
24	17	0	0	0	0	23685.2	270
27	26	0	0	0	0	21919.8	271
22	22	0	0	0	0	31781.0	272
24	33	0	0	0	0	24165.0	273
21	28	0	0	0	0	24018.3	274
23	23	0	0	0	0	36496.0	275
38	38	0	0	0	0	29883.6	276
39	26	0	0	0	0	37949.5	277
23	24	0	0	0	0	29909.6	278
23	32	0	0	0	0	36825.7	279
33	29	0	0	0	0	26532.3	280
26	25	0	0	0	0	32885.1	281
26	29	0	0	0	0	22045.2	282
23	27	0	0	0	0	22710.1	283
31	28	0	0	0	0	25424.3	284
24	21	0	0	0	0	24301.4	285
33	26	0	0	0	0	37723.9	286
31	21	0	0	0	0	39040.3	287
29	27	0	0	0	0	31127.9	288
28	21	0	0	0	0	25442.3	289
34	26	0	0	0	0	39510.9	290
28	29	0	0	0	0	36763.0	291
26	29	0	0	0	0	32757.8	292
29	25	0	0	0	0	23847.8	293
30	32	0	0	0	0	29602.2	294
26	30	0	0	0	0	25243.8	295
32	26	0	0	0	0	21271.8	296
26	23	0	0	0	0	21878.0	297
32	19	0	0	0	0	35663.4	298
32	32	0	0	0	0	30903.0	299
29	27	0	0	0	0	30100.6	300
22	19	0	0	0	0	35459.2	301
36	31	0	0	0	0	26887.1	302
24	23	0	0	0	0	30122.9	303
25	31	0	0	0	0	26194.6	304
25	31	0	0	0	0	39602.0	305
23	42	0	0	0	0	27259.0	306
25	30	0	0	0	0	31201.1	307
30	24	0	0	0	0	26153.3	308
34	25	0	0	0	0	35613.1	309
26	30	0	0	0	0	34204.0	310
33	26	0	0	0	0	23168.1	311
25	29	0	0	0	0	38475.2	312
29	29	0	0	0	0	22479.5	313
20	27	0	0	0	0	25349.8	314
24	27	0	0	0	0	34689.7	315
33	24	0	0	0	0	39403.9	316
21	32	0	0	0	0	34518.8	317
38	23	0	0	0	0	23012.6	318
45	33	0	0	0	0	27113.9	319
19	33	0	0	0	0	29420.0	320
44	31	0	0	0	0	32820.4	321
36	31	0	0	0	0	23924.8	322
23	24	0	0	0	0	35242.4	323
30	22	0	0	0	0	39511.6	324
28	38	0	0	0	0	20329.3	325
34	33	0	0	0	0	21665.5	326
31	29	0	0	0	0	34107.2	327
35	27	0	0	0	0	38219.3	328
28	43	0	0	0	0	39401.2	329
21	29	0	0	0	0	35478.4	330
33	33	0	0	0	0	25647.4	331
27	31	0	0	0	0	21930.2	332
30	27	0	0	0	0	24066.4	333
25	32	0	0	0	0	35019.1	334
31	25	0	0	0	0	30932.6	335
26	30	0	0	0	0	31171.9	336
30	29	0	0	0	0	38249.4	337
31	28	0	0	0	0	20396.3	338
36	28	0	0	0	0	22430.2	339
24	27	0	0	0	0	30626.6	340
40	29	0	0	0	0	20161.7	341
29	38	0	0	0	0	29172.8	342
39	36	0	0	0	0	38616.7	343
34	38	0	0	0	0	30920.8	344
24	41	0	0	0	0	35826.6	345
19	24	0	0	0	0	25510.8	346
39	32	0	0	0	0	36837.9	347
29	24	0	0	0	0	33774.6	348
27	24	0	0	0	0	39336.3	349
28	37	0	0	0	0	37845.7	350
24	36	0	0	0	0	20148.8	351
34	30	0	0	0	0	20343.1	352
21	37	0	0	0	0	29742.6	353
32	24	0	0	0	0	28647.1	354
33	35	0	0	0	0	22621.1	355
39	39	0	0	0	0	29798.6	356
31	29	0	0	0	0	38379.0	357
27	38	0	0	0	0	29269.2	358
29	26	0	0	0	0	22050.8	359
31	24	0	0	0	0	28275.6	360
29	31	0	0	0	0	27322.8	361
36	33	0	0	0	0	30336.4	362
34	31	0	0	0	0	36933.0	363
34	36	0	0	0	0	28402.4	364
44	32	0	0	0	0	37890.3	365
29	32	0	0	0	0	34994.7	366
32	34	0	0	0	0	24262.7	367
51	38	0	0	0	0	29219.8	368
41	39	0	0	0	0	27717.7	369
33	32	0	0	0	0	24993.2	370
43	38	0	0	0	0	24098.7	371
39	31	0	0	0	0	28123.6	372
37	34	0	0	0	0	34229.1	373
31	41	0	0	0	0	35779.6	374
31	32	0	0	0	0	33970.2	375
31	30	0	0	0	0	31828.7	376
24	45	0	0	0	0	22400.6	377
40	31	0	0	0	0	20637.7	378
35	36	0	0	0	0	37438.4	379
36	24	0	0	0	0	25525.7	380
32	42	0	0	0	0	37238.9	381
32	38	0	0	0	0	32596.5	382
45	50	0	0	0	0	35652.1	383
36	50	0	0	0	0	22378.4	384
49	44	0	0	0	0	22507.8	385
37	40	0	0	0	0	33939.2	386
34	43	0	0	0	0	30469.9	387
29	34	0	0	0	0	28805.8	388
38	33	0	0	0	0	24236.1	389
47	32	0	0	0	0	36924.2	390
44	40	0	0	0	0	35880.6	391
48	33	0	0	0	0	23707.6	392
29	27	0	0	0	0	22052.7	393
31	38	0	0	0	0	33556.6	394
34	44	0	0	0	0	26563.7	395
46	37	0	0	0	0	29569.5	396
43	36	0	0	0	0	33353.6	397
33	36	0	0	0	0	25390.9	398
37	43	0	0	0	0	37434.0	399
47	32	0	0	0	0	24180.8	400
27	38	0	0	0	0	36722.6	401
42	31	0	0	0	0	20122.1	402
32	33	0	0	0	0	21266.8	403
41	37	0	0	0	0	32901.7	404
38	38	0	0	0	0	29223.0	405
47	30	0	0	0	0	28004.2	406
31	40	0	0	0	0	35668.9	407
33	39	0	0	0	0	37331.2	408
29	29	0	0	0	0	38368.8	409
35	32	0	0	0	0	21684.1	410
46	31	0	0	0	0	32665.8	411
30	42	0	0	0	0	38494.3	412
37	47	0	0	0	0	28202.3	413
44	41	0	0	0	0	32232.1	414
47	39	0	0	0	0	23954.7	415
41	31	0	0	0	0	25744.8	416
41	38	0	0	0	0	21620.1	417
46	34	0	0	0	0	38006.4	418
32	29	0	0	0	0	29118.1	419
41	33	0	0	0	0	27837.8	420
32	55	0	0	0	0	34622.7	421
35	35	0	0	0	0	26491.9	422
36	31	0	0	0	0	27529.0	423
39	33	0	0	0	0	29344.7	424
32	42	0	0	0	0	38091.1	425
24	41	0	0	0	0	38626.5	426
52	35	0	0	0	0	26111.9	427
36	38	0	0	0	0	20233.2	428
40	51	0	0	0	0	39347.8	429
45	39	0	0	0	0	36893.8	430
31	41	0	0	0	0	36189.0	431
36	44	0	0	0	0	35561.4	432
36	33	0	0	0	0	35195.0	433
32	48	0	0	0	0	31699.6	434
36	33	0	0	0	0	28243.0	435
44	42	0	0	0	0	39118.0	436
50	47	0	0	0	0	29959.0	437
49	26	0	0	0	0	38554.5	438
44	41	0	0	0	0	38133.7	439
44	52	0	0	0	0	37348.1	440
45	42	0	0	0	0	36376.2	441
47	42	0	0	0	0	25594.3	442
50	39	0	0	0	0	34269.6	443
38	42	0	0	0	0	29306.9	444
49	35	0	0	0	0	30873.9	445
46	52	0	0	0	0	27645.7	446
44	35	0	0	0	0	30689.5	447
52	46	0	0	0	0	22465.2	448
47	42	0	0	0	0	29735.0	449
41	33	0	0	0	0	36383.2	450
39	34	0	0	0	0	33002.3	451
41	49	0	0	0	0	26399.9	452
48	35	0	0	0	0	34043.3	453
45	39	0	0	0	0	33077.0	454
40	33	0	0	0	0	26047.9	455
57	45	0	0	0	0	30391.5	456
43	41	0	0	0	0	39105.1	457
46	49	0	0	0	0	36466.8	458
38	43	0	0	0	0	28508.8	459
42	46	0	0	0	0	33538.7	460
38	36	0	0	0	0	21272.2	461
55	45	0	0	0	0	25203.7	462
43	39	0	0	0	0	33960.0	463
38	31	0	0	0	0	26211.0	464
40	51	0	0	0	0	37749.1	465
46	51	0	0	0	0	27986.5	466
44	52	0	0	0	0	20473.5	467
49	44	0	0	0	0	39928.4	468
30	46	0	0	0	0	39110.0	469
41	38	0	0	0	0	25600.3	470
40	52	0	0	0	0	23440.3	471
43	34	0	0	0	0	39821.1	472
46	42	0	0	0	0	27662.2	473
39	50	0	0	0	0	23993.8	474
42	37	0	0	0	0	32887.4	475
48	53	0	0	0	0	36761.7	476
52	54	0	0	0	0	23169.0	477
49	52	0	0	0	0	22845.0	478
39	40	0	0	0	0	29471.3	479
43	40	0	0	0	0	20682.5	480
41	42	0	0	0	0	31385.9	481
37	55	0	0	0	0	31850.2	482
51	47	0	0	0	0	29747.0	483
60	43	0	0	0	0	36693.3	484
49	48	0	0	0	0	21299.1	485
60	51	0	0	0	0	37681.4	486
48	46	0	0	0	0	20391.0	487
47	54	0	0	0	0	36636.7	488
53	56	0	0	0	0	32359.4	489
50	44	0	0	0	0	31285.3	490
55	67	0	0	0	0	35403.4	491
45	50	0	0	0	0	27548.7	492
66	45	0	0	0	0	35917.8	493
52	44	0	0	0	0	33557.8	494
41	58	0	0	0	0	32965.2	495
58	40	0	0	0	0	22740.8	496
52	50	0	0	0	0	23693.8	497
34	55	0	0	0	0	23813.2	498
53	40	0	0	0	0	24456.5	499
50	60	0	0	0	0	36803.1	500
50	49	0	0	0	0	34606.5	501
49	47	0	0	0	0	33588.7	502
44	60	0	0	0	0	37720.0	503
54	44	0	0	0	0	37111.1	504
37	50	0	0	0	0	39807.7	505
54	66	0	0	0	0	27361.0	506
42	49	0	0	0	0	27462.8	507
53	43	0	0	0	0	25731.2	508
46	61	0	0	0	0	20241.9	509
47	39	0	0	0	0	36200.3	510
48	46	0	0	0	0	39518.7	511
49	40	0	0	0	0	27289.5	512
59	64	0	0	0	0	33541.8	513
46	66	0	0	0	0	22757.7	514
46	51	0	0	0	0	30817.3	515
63	58	0	0	0	0	21224.8	516
49	45	0	0	0	0	28367.0	517
41	61	0	0	0	0	23971.4	518
54	55	0	0	0	0	24959.0	519
43	47	0	0	0	0	32736.8	520
62	52	0	0	0	0	31977.5	521
51	61	0	0	0	0	23478.1	522
48	54	0	0	0	0	37936.2	523
59	51	0	0	0	0	32000.6	524
73	48	0	0	0	0	29221.0	525
48	68	0	0	0	0	31610.3	526
57	46	0	0	0	0	25114.8	527
58	53	0	0	0	0	23421.8	528
70	48	0	0	0	0	20940.9	529
54	45	0	0	0	0	39835.7	530
49	53	0	0	0	0	31504.3	531
55	53	0	0	0	0	31508.5	532
56	70	0	0	0	0	26004.5	533
52	55	0	0	0	0	20759.7	534
44	54	0	0	0	0	21282.4	535
51	56	0	0	0	0	26616.9	536
50	53	0	0	0	0	31488.7	537
63	44	0	0	0	0	25842.2	538
61	46	0	0	0	0	31083.3	539
55	66	0	0	0	0	24363.2	540
47	52	0	0	0	0	37165.4	541
52	48	0	0	0	0	28144.4	542
50	56	0	0	0	0	39878.3	543
70	53	0	0	0	0	26376.2	544
74	48	0	0	0	0	25700.8	545
62	75	0	0	0	0	23567.1	546
62	73	0	0	0	0	27737.5	547
54	61	0	0	0	0	33642.7	548
74	50	0	0	0	0	26724.9	549
57	48	0	0	0	0	39011.8	550
66	53	0	0	0	0	22547.5	551
80	69	0	0	0	0	38247.1	552
53	62	0	0	0	0	25190.9	553
61	75	0	0	0	0	26912.3	554
58	68	0	0	0	0	33120.9	555
58	61	0	0	0	0	37955.9	556
74	63	0	0	0	0	33411.6	557
63	68	0	0	0	0	20079.9	558
49	62	0	0	0	0	23146.5	559
60	48	0	0	0	0	32189.3	560
68	56	0	0	0	0	22570.4	561
61	77	0	0	0	0	32256.6	562
57	67	0	0	0	0	24776.2	563
64	68	0	0	0	0	34448.6	564
70	46	0	0	0	0	32312.6	565
52	62	0	0	0	0	25234.8	566
67	55	0	0	0	0	34109.2	567
60	62	0	0	0	0	36056.3	568
66	53	0	0	0	0	28557.1	569
57	70	0	0	0	0	20925.8	570
54	56	0	0	0	0	26445.5	571
65	65	0	0	0	0	21873.6	572
62	51	0	0	0	0	25774.2	573
69	58	0	0	0	0	34772.6	574
63	47	0	0	0	0	32817.3	575
69	57	0	0	0	0	30129.9	576
53	63	0	0	0	0	35282.4	577
77	48	0	0	0	0	21718.0	578
55	55	0	0	0	0	28294.1	579
78	58	0	0	0	0	23929.3	580
61	76	0	0	0	0	37238.7	581
55	65	0	0	0	0	39951.2	582
55	63	0	0	0	0	23177.2	583
55	70	0	0	0	0	30138.5	584
58	58	0	0	0	0	35553.4	585
50	56	0	0	0	0	23689.5	586
77	58	0	0	0	0	29164.9	587
69	57	0	0	0	0	30963.9	588
69	70	0	0	0	0	30671.4	589
72	60	0	0	0	0	34853.7	590
73	58	0	0	0	0	34924.1	591
70	70	0	0	0	0	21382.7	592
65	60	0	0	0	0	30183.2	593
66	73	0	0	0	0	24733.6	594
63	62	0	0	0	0	29914.1	595
80	73	0	0	0	0	30698.6	596
55	67	0	0	0	0	35490.0	597
50	58	0	0	0	0	21960.1	598
51	67	0	0	0	0	38347.8	599
73	63	0	0	0	0	32964.4	600
65	67	0	0	0	0	37993.0	601
76	56	0	0	0	0	38581.3	602
57	51	0	0	0	0	36124.2	603
64	69	0	0	0	0	37945.3	604
72	83	0	0	0	0	21320.0	605
59	59	0	0	0	0	26648.0	606
65	78	0	0	0	0	23835.9	607
81	67	0	0	0	0	30947.3	608
71	71	0	0	0	0	20082.7	609
79	60	0	0	0	0	32569.0	610
79	62	0	0	0	0	29340.6	611
79	84	0	0	0	0	26101.0	612
72	75	0	0	0	0	39167.1	613
76	67	0	0	0	0	24942.7	614
78	70	0	0	0	0	33688.5	615
76	64	0	0	0	0	38992.0	616
76	86	0	0	0	0	37764.0	617
58	64	0	0	0	0	27587.2	618
77	67	0	0	0	0	37855.6	619
75	68	0	0	0	0	38253.7	620
77	82	0	0	0	0	34267.0	621
74	67	0	0	0	0	30433.7	622
74	71	0	0	0	0	36682.2	623
84	72	0	0	0	0	38082.9	624
74	79	0	0	0	0	24578.1	625
73	87	0	0	0	0	24774.4	626
78	65	0	0	0	0	32037.5	627
65	75	0	0	0	0	39723.0	628
88	64	0	0	0	0	28060.2	629
96	76	0	0	0	0	39874.1	630
90	84	0	0	0	0	26857.4	631
73	68	0	0	0	0	36413.0	632
77	83	0	0	0	0	29080.9	633
89	75	0	0	0	0	21900.1	634
58	76	0	0	0	0	34145.9	635
57	82	0	0	0	0	21893.8	636
65	83	0	0	0	0	27283.6	637
80	85	0	0	0	0	33437.8	638
81	63	0	0	0	0	20302.4	639
78	90	0	0	0	0	31275.9	640
81	76	0	0	0	0	23734.3	641
83	64	0	0	0	0	25451.1	642
65	80	0	0	0	0	33529.9	643
84	82	0	0	0	0	27429.3	644
69	71	0	0	0	0	23458.1	645
70	71	0	0	0	0	32558.6	646
81	82	0	0	0	0	36412.6	647
84	101	0	0	0	0	32408.2	648
61	65	0	0	0	0	28281.5	649
76	66	0	0	0	0	30564.7	650
74	77	0	0	0	0	36455.2	651
78	76	0	0	0	0	30512.6	652
88	77	0	0	0	0	30163.6	653
85	78	0	0	0	0	37293.3	654
67	90	0	0	0	0	33445.6	655
83	86	0	0	0	0	25546.1	656
79	77	0	0	0	0	26761.8	657
87	66	0	0	0	0	37258.5	658
87	90	0	0	0	0	32781.4	659
88	84	0	0	0	0	31450.8	660
77	89	0	0	0	0	28549.6	661
86	77	0	0	0	0	29698.6	662
89	72	0	0	0	0	36345.0	663
71	83	0	0	0	0	35826.3	664
79	90	0	0	0	0	25783.1	665
91	77	0	0	0	0	38992.4	666
90	82	0	0	0	0	28782.8	667
81	86	0	0	0	0	30660.3	668
78	76	0	0	0	0	32683.1	669
68	76	0	0	0	0	31893.0	670
84	88	0	0	0	0	26667.5	671
81	78	0	0	0	0	28166.3	672
88	85	0	0	0	0	28506.3	673
82	76	0	0	0	0	38943.5	674
80	100	0	0	0	0	26226.3	675
87	82	0	0	0	0	30491.7	676
81	84	0	0	0	0	26062.2	677
80	80	0	0	0	0	22456.7	678
80	90	0	0	0	0	32544.3	679
92	90	0	0	0	0	31226.3	680
82	77	0	0	0	0	39301.0	681
93	79	0	0	0	0	28203.6	682
92	74	0	0	0	0	28458.6	683
84	77	0	0	0	0	37612.7	684
100	92	0	0	0	0	23600.1	685
91	93	0	0	0	0	26767.7	686
86	78	0	0	0	0	34494.5	687
95	89	0	0	0	0	20138.2	688
83	79	0	0	0	0	35475.3	689
87	77	0	0	0	0	33942.6	690
100	85	0	0	0	0	21323.3	691
89	97	0	0	0	0	24215.4	692
97	74	0	0	0	0	37814.5	693
90	98	0	0	0	0	20904.2	694
95	105	0	0	0	0	29086.6	695
95	86	0	0	0	0	35549.3	696
72	97	0	0	0	0	38091.5	697
105	101	0	0	0	0	28028.3	698
83	92	0	0	0	0	27121.8	699
100	96	0	0	0	0	21247.2	700
85	76	0	0	0	0	22219.6	701
96	95	0	0	0	0	25535.7	702
86	101	0	0	0	0	26325.5	703
86	104	0	0	0	0	32727.7	704
114	106	0	0	0	0	33140.6	705
99	78	0	0	0	0	32917.7	706
93	115	0	0	0	0	38473.4	707
109	100	0	0	0	0	36966.1	708
99	110	0	0	0	0	34122.3	709
76	92	0	0	0	0	34310.9	710
94	107	0	0	0	0	20190.1	711
103	100	0	0	0	0	32647.4	712
113	117	0	0	0	0	39130.4	713
76	106	0	0	0	0	38793.6	714
101	76	0	0	0	0	37127.0	715
111	108	0	0	0	0	34306.1	716
103	106	0	0	0	0	32492.4	717
104	95	0	0	0	0	39426.7	718
77	78	0	0	0	0	21567.4	719
99	88	0	0	0	0	38695.2	720
105	86	0	0	0	0	25497.3	721
74	109	0	0	0	0	33379.2	722
101	106	0	0	0	0	31402.2	723
116	99	0	0	0	0	29399.8	724
93	97	0	0	0	0	37177.8	725
104	109	0	0	0	0	23172.6	726
94	94	0	0	0	0	22499.4	727
98	96	0	0	0	0	28727.0	728
95	88	0	0	0	0	28190.7	729
97	85	0	0	0	0	38113.2	730
97	109	0	0	0	0	31627.1	731
85	94	0	0	0	0	26278.3	732
108	115	0	0	0	0	27572.8	733
94	106	0	0	0	0	27140.5	734
90	80	0	0	0	0	28914.9	735
97	108	0	0	0	0	34452.5	736
109	113	0	0	0	0	35995.9	737
93	101	0	0	0	0	20664.2	738
113	105	0	0	0	0	33454.7	739
103	90	0	0	0	0	27441.5	740
116	98	0	0	0	0	20376.3	741
107	97	0	0	0	0	37845.4	742
102	103	0	0	0	0	39255.7	743
103	115	0	0	0	0	32705.9	744
109	100	0	0	0	0	23908.7	745
90	109	0	0	0	0	34414.7	746
92	119	0	0	0	0	31393.8	747
112	120	0	0	0	0	35279.9	748
117	116	0	0	0	0	22192.8	749
92	83	0	0	0	0	23802.7	750
101	106	0	0	0	0	27965.9	751
110	104	0	0	0	0	28420.5	752
107	108	0	0	0	0	32677.0	753
86	113	0	0	0	0	32245.9	754
104	90	0	0	0	0	22706.5	755
115	119	0	0	0	0	22301.5	756
116	103	0	0	0	0	29003.4	757
86	90	0	0	0	0	39728.1	758
99	117	0	0	0	0	28597.7	759
111	116	0	0	0	0	35238.8	760
112	88	0	0	0	0	20605.1	761
133	102	0	0	0	0	33355.5	762
107	115	0	0	0	0	37919.6	763
107	127	0	0	0	0	30802.7	764
123	110	0	0	0	0	37988.0	765
122	112	0	0	0	0	34758.4	766
100	121	0	0	0	0	34841.8	767
114	112	0	0	0	0	31223.8	768
108	118	0	0	0	0	23604.7	769
100	121	0	0	0	0	37914.7	770
120	108	0	0	0	0	34181.0	771
111	106	0	0	0	0	37137.8	772
126	111	0	0	0	0	36814.9	773
128	104	0	0	0	0	21368.1	774
124	104	0	0	0	0	39972.3	775
125	118	0	0	0	0	36770.9	776
92	112	0	0	0	0	39906.8	777
116	103	0	0	0	0	20371.5	778
109	114	0	0	0	0	33185.9	779
114	107	0	0	0	0	25949.5	780
118	99	0	0	0	0	39115.7	781
115	124	0	0	0	0	36726.3	782
124	114	0	0	0	0	21413.9	783
128	111	0	0	0	0	22404.7	784
118	114	0	0	0	0	23325.1	785
130	115	0	0	0	0	24574.6	786
134	127	0	0	0	0	27813.8	787
121	124	0	0	0	0	39355.2	788
129	109	0	0	0	0	25413.4	789
126	137	0	0	0	0	22758.4	790
99	122	0	0	0	0	22359.2	791
133	124	0	0	0	0	20087.7	792
131	99	0	0	0	0	20620.9	793
118	156	0	0	0	0	20327.3	794
109	114	0	0	0	0	33856.7	795
127	120	0	0	0	0	38500.8	796
111	113	0	0	0	0	36646.8	797
142	119	0	0	0	0	24713.2	798
123	145	0	0	0	0	20707.3	799
131	131	0	0	0	0	31204.7	800
129	139	0	0	0	0	26383.8	801
126	136	0	0	0	0	27547.6	802
129	109	0	0	0	0	20730.1	803
142	127	0	0	0	0	37819.6	804
157	132	0	0	0	0	37579.7	805
113	112	0	0	0	0	30485.7	806
130	136	0	0	0	0	23619.5	807
113	136	0	0	0	0	30981.9	808
120	143	0	0	0	0	39664.7	809
129	111	0	0	0	0	32008.3	810
133	154	0	0	0	0	33149.4	811
137	135	0	0	0	0	26079.4	812
120	122	0	0	0	0	33789.5	813
139	118	0	0	0	0	30569.2	814
134	125	0	0	0	0	21871.6	815
129	140	0	0	0	0	29864.8	816
142	141	0	0	0	0	28273.0	817
112	132	0	0	0	0	34437.2	818
123	110	0	0	0	0	31086.5	819
126	135	0	0	0	0	27629.9	820
122	145	0	0	0	0	33349.8	821
139	148	0	0	0	0	21256.1	822
160	144	0	0	0	0	20072.9	823
128	146	0	0	0	0	32638.3	824
135	120	0	0	0	0	22347.8	825
132	124	0	0	0	0	39594.4	826
117	126	0	0	0	0	28539.9	827
136	120	0	0	0	0	30397.3	828
140	139	0	0	0	0	30056.9	829
145	147	0	0	0	0	36987.8	830
157	125	0	0	0	0	36818.1	831
148	135	0	0	0	0	24375.7	832
135	148	0	0	0	0	30277.7	833
130	166	0	0	0	0	31941.1	834
137	135	0	0	0	0	37289.5	835
121	126	0	0	0	0	22425.9	836
159	141	0	0	0	0	22261.6	837
165	143	0	0	0	0	25199.8	838
137	124	0	0	0	0	37260.1	839
118	144	0	0	0	0	25926.2	840
132	137	0	0	0	0	30255.0	841
161	133	0	0	0	0	38947.8	842
139	146	0	0	0	0	24232.1	843
167	132	0	0	0	0	33273.8	844
131	148	0	0	0	0	34441.9	845
121	134	0	0	0	0	36199.5	846
128	135	0	0	0	0	26401.4	847
142	143	0	0	0	0	26139.0	848
134	138	0	0	0	0	28041.4	849
157	149	0	0	0	0	36603.3	850
119	134	0	0	0	0	31109.8	851
128	142	0	0	0	0	22462.0	852
153	134	0	0	0	0	33156.4	853
144	134	0	0	0	0	28347.8	854
170	157	0	0	0	0	23682.0	855
142	144	0	0	0	0	24558.7	856
138	149	0	0	0	0	26227.1	857
150	142	0	0	0	0	21277.9	858
136	166	0	0	0	0	26542.9	859
133	152	0	0	0	0	22310.4	860
145	170	0	0	0	0	29936.4	861
156	165	0	0	0	0	29750.3	862
166	145	0	0	0	0	29494.2	863
142	144	0	0	0	0	22617.4	864
133	151	0	0	0	0	25955.2	865
135	165	0	0	0	0	20767.4	866
166	157	0	0	0	0	31259.1	867
151	133	0	0	0	0	24377.4	868
162	145	0	0	0	0	23704.5	869
151	153	0	0	0	0	21920.5	870
147	151	0	0	0	0	31902.0	871
155	176	0	0	0	0	37177.9	872
164	162	0	0	0	0	36359.6	873
136	148	0	0	0	0	35923.9	874
154	167	0	0	0	0	31251.6	875
157	163	0	0	0	0	21520.0	876
166	165	0	0	0	0	31587.9	877
169	163	0	0	0	0	21068.1	878
158	179	0	0	0	0	35827.2	879
149	156	0	0	0	0	23030.8	880
156	184	0	0	0	0	23314.3	881
138	176	0	0	0	0	20787.4	882
143	163	0	0	0	0	29754.9	883
173	160	0	0	0	0	30513.8	884
166	149	0	0	0	0	24625.3	885
170	147	0	0	0	0	21345.0	886
140	167	0	0	0	0	24486.4	887
147	146	0	0	0	0	28550.2	888
164	151	0	0	0	0	22259.6	889
171	164	0	0	0	0	28017.3	890
152	167	0	0	0	0	33140.6	891
175	162	0	0	0	0	38059.5	892
151	153	0	0	0	0	26932.0	893
157	181	0	0	0	0	31893.5	894
156	174	0	0	0	0	35567.4	895
149	176	0	0	0	0	29073.9	896
163	165	0	0	0	0	25542.0	897
160	159	0	0	0	0	31842.9	898
186	158	0	0	0	0	36807.7	899
154	153	0	0	0	0	31350.1	900
189	175	0	0	0	0	37911.0	901
154	194	0	0	0	0	39162.1	902
160	169	0	0	0	0	27716.1	903
160	195	0	0	0	0	20852.7	904
157	171	0	0	0	0	36720.1	905
173	162	0	0	0	0	38087.2	906
184	185	0	0	0	0	34911.6	907
174	175	0	0	0	0	36966.5	908
180	171	0	0	0	0	21527.8	909
167	155	0	0	0	0	32598.3	910
170	166	0	0	0	0	37120.6	911
177	173	0	0	0	0	27874.8	912
159	169	0	0	0	0	38273.3	913
158	220	0	0	0	0	37129.6	914
196	195	0	0	0	0	38722.1	915
187	175	0	0	0	0	33472.3	916
193	194	0	0	0	0	33948.0	917
183	163	0	0	0	0	25299.0	918
171	166	0	0	0	0	28713.5	919
177	178	0	0	0	0	30384.1	920
175	165	0	0	0	0	21390.3	921
165	186	0	0	0	0	35286.9	922
181	179	0	0	0	0	32421.5	923
198	163	0	0	0	0	22151.3	924
160	195	0	0	0	0	28611.2	925
215	184	0	0	0	0	27808.9	926
193	193	0	0	0	0	26292.6	927
166	215	0	0	0	0	37832.2	928
182	190	0	0	0	0	32958.8	929
181	172	0	0	0	0	32269.4	930
197	177	0	0	0	0	33762.1	931
199	185	0	0	0	0	25825.4	932
178	164	0	0	0	0	27756.3	933
209	208	0	0	0	0	38334.1	934
199	183	0	0	0	0	35472.3	935
196	174	0	0	0	0	37049.3	936
161	187	0	0	0	0	20771.1	937
193	169	0	0	0	0	23662.3	938
170	161	0	0	0	0	28731.7	939
184	189	0	0	0	0	24094.6	940
188	181	0	0	0	0	37384.4	941
170	178	0	0	0	0	22235.7	942
190	220	0	0	0	0	27942.4	943
225	175	0	0	0	0	29390.1	944
192	193	0	0	0	0	37017.0	945
195	183	0	0	0	0	39126.2	946
183	217	0	0	0	0	31712.4	947
225	186	0	0	0	0	27094.4	948
225	186	0	0	0	0	21686.3	949
189	226	0	0	0	0	20806.1	950
176	200	0	0	0	0	31975.9	951
196	200	0	0	0	0	34762.8	952
184	200	0	0	0	0	29251.7	953
186	195	0	0	0	0	23039.1	954
206	190	0	0	0	0	23512.8	955
195	188	0	0	0	0	31201.7	956
197	176	0	0	0	0	27394.2	957
188	206	0	0	0	0	33565.2	958
203	194	0	0	0	0	39360.5	959
187	201	0	0	0	0	32768.6	960
213	207	0	0	0	0	35367.1	961
204	201	0	0	0	0	20429.3	962
203	195	0	0	0	0	23161.2	963
206	179	0	0	0	0	36731.6	964
182	218	0	0	0	0	36478.5	965
239	203	0	0	0	0	25262.1	966
202	211	0	0	0	0	24128.3	967
198	197	0	0	0	0	23934.5	968
202	204	0	0	0	0	24017.1	969
218	195	0	0	0	0	36954.7	970
200	223	0	0	0	0	31225.1	971
194	212	0	0	0	0	23392.8	972
202	193	0	0	0	0	34800.0	973
215	203	0	0	0	0	34708.5	974
190	224	0	0	0	0	30506.6	975
181	235	0	0	0	0	28033.2	976
210	205	0	0	0	0	35960.3	977
212	227	0	0	0	0	28619.3	978
237	221	0	0	0	0	25050.4	979
225	221	0	0	0	0	38569.1	980
238	199	0	0	0	0	39029.2	981
222	201	0	0	0	0	38042.0	982
236	202	0	0	0	0	33126.5	983
198	192	0	0	0	0	35445.9	984
221	236	0	0	0	0	27024.8	985
216	234	0	0	0	0	22003.3	986
216	218	0	0	0	0	36559.5	987
216	238	0	0	0	0	26388.3	988
225	237	0	0	0	0	29237.2	989
202	214	0	0	0	0	33868.4	990
232	216	0	0	0	0	27992.7	991
202	234	0	0	0	0	34046.7	992
223	216	0	0	0	0	23259.8	993
200	234	0	0	0	0	37171.3	994
231	210	0	0	0	0	28178.9	995
223	217	0	0	0	0	23384.7	996
259	241	0	0	0	0	21545.7	997
234	226	0	0	0	0	38284.5	998
226	225	0	0	0	0	36270.2	999
234	237	0	0	0	0	27535.3	1000
205	233	0	0	0	0	28357.3	1001
213	221	0	0	0	0	35377.5	1002
233	260	0	0	0	0	36290.8	1003
222	234	0	0	0	0	32238.2	1004
237	234	0	0	0	0	20116.1	1005
234	229	0	0	0	0	35251.5	1006
230	221	0	0	0	0	30627.2	1007
198	198	0	0	0	0	28082.7	1008
206	223	0	0	0	0	34458.0	1009
202	193	0	0	0	0	30910.9	1010
231	236	0	0	0	0	23022.3	1011
209	188	0	0	0	0	24851.4	1012
223	231	0	0	0	0	29285.0	1013
204	191	0	0	0	0	38761.4	1014
202	190	0	0	0	0	33494.6	1015
195	251	0	0	0	0	34939.4	1016
208	221	0	0	0	0	24717.5	1017
222	213	0	0	0	0	25670.8	1018
228	214	0	0	0	0	37350.4	1019
241	230	0	0	0	0	36683.6	1020
191	205	0	0	0	0	33696.1	1021
230	198	0	0	0	0	30201.6	1022
196	240	0	0	0	0	37816.7	1023
205	201	0	0	0	0	27936.1	1024
201	199	0	0	0	0	20200.1	1025
222	205	0	0	0	0	29846.8	1026
204	216	0	0	0	0	39567.3	1027
248	200	0	0	0	0	24394.2	1028
206	203	0	0	0	0	24771.4	1029
177	199	0	0	0	0	36572.4	1030
187	217	0	0	0	0	27080.8	1031
218	204	0	0	0	0	33923.7	1032
219	203	0	0	0	0	36795.2	1033
199	199	0	0	0	0	23982.5	1034
213	204	0	0	0	0	31550.6	1035
216	174	0	0	0	0	21528.4	1036
189	184	0	0	0	0	24891.1	1037
176	203	0	0	0	0	34057.6	1038
205	236	0	0	0	0	20560.1	1039
185	216	0	0	0	0	32853.1	1040
201	188	0	0	0	0	30184.2	1041
204	174	0	0	0	0	26922.6	1042
187	195	0	0	0	0	21299.8	1043
197	168	0	0	0	0	37009.0	1044
188	189	0	0	0	0	25656.4	1045
179	199	0	0	0	0	26250.9	1046
196	183	0	0	0	0	38961.5	1047
193	189	0	0	0	0	20199.9	1048
201	209	0	0	0	0	22787.2	1049
184	184	0	0	0	0	22370.9	1050
177	174	0	0	0	0	30326.9	1051
186	192	0	0	0	0	32401.7	1052
212	196	0	0	0	0	36442.5	1053
191	179	0	0	0	0	37413.9	1054
208	180	0	0	0	0	34331.7	1055
180	184	0	0	0	0	27316.2	1056
195	161	0	0	0	0	33336.9	1057
197	178	0	0	0	0	35366.8	1058
197	177	0	0	0	0	20974.9	1059
185	168	0	0	0	0	30045.3	1060
194	177	0	0	0	0	39119.8	1061
184	206	0	0	0	0	23427.7	1062
182	161	0	0	0	0	20456.2	1063
196	212	0	0	0	0	24560.3	1064
181	171	0	0	0	0	34624.5	1065
185	168	0	0	0	0	35372.6	1066
172	204	0	0	0	0	21481.8	1067
177	182	0	0	0	0	25856.6	1068
171	187	0	0	0	0	29343.7	1069
172	178	0	0	0	0	33355.5	1070
176	186	0	0	0	0	38461.0	1071
182	186	0	0	0	0	30418.2	1072
173	180	0	0	0	0	35361.9	1073
177	230	0	0	0	0	27049.4	1074
186	203	0	0	0	0	23619.2	1075
183	168	0	0	0	0	36520.2	1076
174	187	0	0	0	0	29846.7	1077
172	173	0	0	0	0	25297.0	1078
173	178	0	0	0	0	31287.3	1079
188	169	0	0	0	0	25799.0	1080
181	155	0	0	0	0	31004.2	1081
160	165	0	0	0	0	29450.9	1082
170	172	0	0	0	0	26463.7	1083
165	183	0	0	0	0	25020.4	1084
184	160	0	0	0	0	25349.9	1085
193	169	0	0	0	0	32542.1	1086
168	158	0	0	0	0	26217.1	1087
169	183	0	0	0	0	27147.0	1088
170	166	0	0	0	0	23770.6	1089
175	168	0	0	0	0	29371.9	1090
139	169	0	0	0	0	22070.8	1091
184	186	0	0	0	0	22878.2	1092
191	198	0	0	0	0	34307.0	1093
177	170	0	0	0	0	28347.3	1094
187	166	0	0	0	0	28462.4	1095
156	167	0	0	0	0	31799.5	1096
176	192	0	0	0	0	27006.0	1097
154	151	0	0	0	0	26862.8	1098
164	172	0	0	0	0	31649.2	1099
183	170	0	0	0	0	32585.1	1100
164	154	0	0	0	0	30175.3	1101
179	164	0	0	0	0	34408.3	1102
181	182	0	0	0	0	28136.8	1103
133	169	0	0	0	0	30612.0	1104
160	166	0	0	0	0	26107.9	1105
153	169	0	0	0	0	24495.5	1106
162	150	0	0	0	0	27401.5	1107
143	160	0	0	0	0	37740.8	1108
158	157	0	0	0	0	29769.6	1109
148	169	0	0	0	0	38669.9	1110
148	140	0	0	0	0	38226.1	1111
170	163	0	0	0	0	24531.0	1112
151	161	0	0	0	0	33379.1	1113
157	161	0	0	0	0	33833.7	1114
145	160	0	0	0	0	25436.5	1115
165	147	0	0	0	0	26276.4	1116
177	150	0	0	0	0	28612.9	1117
154	168	0	0	0	0	21244.7	1118
172	154	0	0	0	0	26986.7	1119
146	148	0	0	0	0	36917.4	1120
145	171	0	0	0	0	31211.3	1121
169	146	0	0	0	0	21795.2	1122
167	134	0	0	0	0	30946.1	1123
167	152	0	0	0	0	39319.8	1124
162	177	0	0	0	0	28133.4	1125
145	165	0	0	0	0	31513.2	1126
142	159	0	0	0	0	26448.0	1127
178	163	0	0	0	0	31519.3	1128
144	155	0	0	0	0	22728.9	1129
166	162	0	0	0	0	29628.5	1130
132	163	0	0	0	0	21717.9	1131
154	175	0	0	0	0	32310.8	1132
148	152	0	0	0	0	32274.5	1133
154	154	0	0	0	0	37624.8	1134
158	147	0	0	0	0	39061.2	1135
149	157	0	0	0	0	23886.3	1136
152	150	0	0	0	0	22516.9	1137
146	152	0	0	0	0	37426.0	1138
136	141	0	0	0	0	32747.2	1139
137	157	0	0	0	0	20158.2	1140
153	139	0	0	0	0	39976.2	1141
150	149	0	0	0	0	32430.8	1142
133	160	0	0	0	0	23636.6	1143
137	151	0	0	0	0	35275.8	1144
147	148	0	0	0	0	30828.5	1145
167	141	0	0	0	0	22542.0	1146
150	149	0	0	0	0	27479.6	1147
154	116	0	0	0	0	21201.9	1148
148	159	0	0	0	0	24299.5	1149
157	143	0	0	0	0	22539.3	1150
150	147	0	0	0	0	35432.8	1151
133	150	0	0	0	0	27359.5	1152
114	157	0	0	0	0	23377.6	1153
147	139	0	0	0	0	37725.9	1154
131	120	0	0	0	0	32630.8	1155
124	132	0	0	0	0	29051.2	1156
140	145	0	0	0	0	35493.7	1157
137	158	0	0	0	0	31654.6	1158
121	147	0	0	0	0	20884.6	1159
118	132	0	0	0	0	21691.4	1160
157	137	0	0	0	0	36421.4	1161
130	147	0	0	0	0	27960.7	1162
134	141	0	0	0	0	37731.3	1163
139	150	0	0	0	0	38638.1	1164
172	146	0	0	0	0	21643.2	1165
140	132	0	0	0	0	28326.6	1166
118	115	0	0	0	0	23822.7	1167
128	133	0	0	0	0	24680.4	1168
140	148	0	0	0	0	32632.2	1169
138	155	0	0	0	0	38301.4	1170
154	121	0	0	0	0	31036.7	1171
131	139	0	0	0	0	27380.1	1172
115	134	0	0	0	0	27893.8	1173
131	130	0	0	0	0	27537.7	1174
146	133	0	0	0	0	27981.1	1175
111	142	0	0	0	0	39159.3	1176
154	116	0	0	0	0	27055.9	1177
140	134	0	0	0	0	36367.2	1178
114	113	0	0	0	0	32524.7	1179
137	118	0	0	0	0	26231.7	1180
129	119	0	0	0	0	24723.1	1181
126	121	0	0	0	0	25685.5	1182
120	125	0	0	0	0	35938.8	1183
139	120	0	0	0	0	38232.2	1184
139	124	0	0	0	0	26648.5	1185
125	143	0	0	0	0	31220.7	1186
141	135	0	0	0	0	20267.1	1187
139	125	0	0	0	0	39555.5	1188
134	133	0	0	0	0	22519.1	1189
146	118	0	0	0	0	25792.1	1190
116	136	0	0	0	0	35345.8	1191
127	116	0	0	0	0	38537.3	1192
131	123	0	0	0	0	30707.1	1193
125	130	0	0	0	0	21036.7	1194
137	119	0	0	0	0	28037.0	1195
135	125	0	0	0	0	25632.7	1196
116	122	0	0	0	0	24458.6	1197
116	114	0	0	0	0	20708.8	1198
119	129	0	0	0	0	35282.4	1199
127	137	0	0	0	0	33069.2	1200
108	111	0	0	0	0	34858.3	1201
126	137	0	0	0	0	22300.4	1202
120	124	0	0	0	0	27914.9	1203
117	129	0	0	0	0	35565.9	1204
116	129	0	0	0	0	33461.3	1205
119	127	0	0	0	0	32838.8	1206
114	121	0	0	0	0	28993.9	1207
118	121	0	0	0	0	34710.6	1208
127	121	0	0	0	0	36482.3	1209
114	130	0	0	0	0	31900.6	1210
98	116	0	0	0	0	23421.3	1211
128	112	0	0	0	0	34483.2	1212
95	126	0	0	0	0	32764.9	1213
89	90	0	0	0	0	32882.3	1214
106	114	0	0	0	0	35943.8	1215
116	123	0	0	0	0	27724.5	1216
106	108	0	0	0	0	21549.8	1217
121	119	0	0	0	0	35514.0	1218
98	128	0	0	0	0	28287.0	1219
130	107	0	0	0	0	34422.8	1220
121	119	0	0	0	0	36531.3	1221
121	122	0	0	0	0	24504.9	1222
129	97	0	0	0	0	30745.6	1223
102	128	0	0	0	0	30793.1	1224
115	119	0	0	0	0	39889.7	1225
103	127	0	0	0	0	23299.1	1226
107	110	0	0	0	0	23404.2	1227
106	123	0	0	0	0	38099.4	1228
106	127	0	0	0	0	28846.8	1229
113	123	0	0	0	0	21813.7	1230
127	125	0	0	0	0	20434.8	1231
107	116	0	0	0	0	24444.2	1232
97	115	0	0	0	0	35266.4	1233
109	101	0	0	0	0	21899.8	1234
107	113	0	0	0	0	33332.2	1235
108	103	0	0	0	0	22554.4	1236
125	106	0	0	0	0	32369.2	1237
118	133	0	0	0	0	20948.3	1238
109	113	0	0	0	0	26598.5	1239
110	113	0	0	0	0	24578.3	1240
105	118	0	0	0	0	30223.4	1241
115	106	0	0	0	0	21363.1	1242
94	104	0	0	0	0	22455.6	1243
116	100	0	0	0	0	28472.2	1244
135	115	0	0	0	0	34326.4	1245
98	112	0	0	0	0	29519.1	1246
110	87	0	0	0	0	32230.7	1247
109	93	0	0	0	0	28926.1	1248
106	99	0	0	0	0	38748.1	1249
97	84	0	0	0	0	39346.8	1250
95	99	0	0	0	0	39450.6	1251
104	109	0	0	0	0	25438.4	1252
114	104	0	0	0	0	36459.1	1253
99	108	0	0	0	0	25786.4	1254
96	122	0	0	0	0	27438.0	1255
120	92	0	0	0	0	29333.6	1256
118	103	0	0	0	0	36951.5	1257
114	89	0	0	0	0	26616.2	1258
102	122	0	0	0	0	31551.5	1259
106	111	0	0	0	0	27131.6	1260
107	108	0	0	0	0	39076.3	1261
113	80	0	0	0	0	36616.9	1262
112	107	0	0	0	0	20840.5	1263
121	111	0	0	0	0	24573.1	1264
93	90	0	0	0	0	26011.6	1265
102	97	0	0	0	0	23321.0	1266
89	104	0	0	0	0	25653.7	1267
105	92	0	0	0	0	32890.8	1268
105	122	0	0	0	0	36918.8	1269
103	124	0	0	0	0	32646.8	1270
118	100	0	0	0	0	38300.4	1271
99	84	0	0	0	0	29715.0	1272
90	98	0	0	0	0	25849.3	1273
86	104	0	0	0	0	35203.4	1274
92	84	0	0	0	0	29871.1	1275
86	93	0	0	0	0	23032.1	1276
116	107	0	0	0	0	31321.6	1277
97	104	0	0	0	0	34324.4	1278
94	99	0	0	0	0	37011.3	1279
103	87	0	0	0	0	25516.1	1280
108	107	0	0	0	0	25928.5	1281
94	87	0	0	0	0	21448.0	1282
98	103	0	0	0	0	21365.8	1283
92	93	0	0	0	0	32554.2	1284
82	101	0	0	0	0	20381.7	1285
74	83	0	0	0	0	32970.6	1286
98	99	0	0	0	0	21137.4	1287
89	99	0	0	0	0	34474.1	1288
97	84	0	0	0	0	22269.2	1289
77	107	0	0	0	0	32447.8	1290
94	108	0	0	0	0	30924.5	1291
88	90	0	0	0	0	39854.8	1292
96	81	0	0	0	0	35400.5	1293
88	93	0	0	0	0	23826.6	1294
91	87	0	0	0	0	38217.6	1295
94	90	0	0	0	0	27510.2	1296
107	74	0	0	0	0	28293.2	1297
82	87	0	0	0	0	38411.0	1298
102	81	0	0	0	0	28449.9	1299
76	98	0	0	0	0	32785.9	1300
89	87	0	0	0	0	22970.3	1301
92	77	0	0	0	0	31105.8	1302
104	84	0	0	0	0	20546.2	1303
99	71	0	0	0	0	25797.5	1304
98	92	0	0	0	0	32033.8	1305
84	85	0	0	0	0	33540.6	1306
109	90	0	0	0	0	30243.0	1307
92	98	0	0	0	0	34826.9	1308
106	89	0	0	0	0	20401.4	1309
78	115	0	0	0	0	28553.2	1310
88	87	0	0	0	0	39468.4	1311
89	103	0	0	0	0	32622.9	1312
103	88	0	0	0	0	25388.7	1313
96	85	0	0	0	0	31338.0	1314
78	92	0	0	0	0	32762.8	1315
83	81	0	0	0	0	36964.4	1316
83	87	0	0	0	0	37926.6	1317
99	102	0	0	0	0	22865.4	1318
100	107	0	0	0	0	37317.9	1319
96	92	0	0	0	0	20990.2	1320
81	77	0	0	0	0	39012.9	1321
71	88	0	0	0	0	23357.1	1322
87	74	0	0	0	0	33434.7	1323
81	79	0	0	0	0	20318.6	1324
82	88	0	0	0	0	39514.3	1325
83	93	0	0	0	0	22831.3	1326
90	89	0	0	0	0	21780.0	1327
94	96	0	0	0	0	34411.0	1328
73	100	0	0	0	0	31329.6	1329
78	78	0	0	0	0	35257.2	1330
90	69	0	0	0	0	21905.3	1331
77	93	0	0	0	0	35128.1	1332
100	100	0	0	0	0	35208.0	1333
87	84	0	0	0	0	24666.5	1334
99	89	0	0	0	0	28277.1	1335
79	102	0	0	0	0	30580.3	1336
93	76	0	0	0	0	35065.1	1337
91	84	0	0	0	0	24778.8	1338
74	84	0	0	0	0	39273.5	1339
72	83	0	0	0	0	25620.9	1340
79	88	0	0	0	0	30170.1	1341
88	92	0	0	0	0	27432.0	1342
83	72	0	0	0	0	20661.9	1343
82	86	0	0	0	0	21321.1	1344
80	63	0	0	0	0	39328.1	1345
90	84	0	0	0	0	22655.8	1346
82	62	0	0	0	0	27775.0	1347
73	62	0	0	0	0	30182.1	1348
75	80	0	0	0	0	32807.1	1349
85	81	0	0	0	0	35550.9	1350
102	75	0	0	0	0	27055.3	1351
74	78	0	0	0	0	36550.4	1352
84	90	0	0	0	0	34870.7	1353
68	83	0	0	0	0	21713.6	1354
93	88	0	0	0	0	22586.6	1355
55	77	0	0	0	0	27642.3	1356
69	85	0	0	0	0	21362.2	1357
76	81	0	0	0	0	35894.8	1358
67	72	0	0	0	0	32092.6	1359
71	69	0	0	0	0	22884.8	1360
88	79	0	0	0	0	21697.2	1361
79	74	0	0	0	0	37116.8	1362
79	73	0	0	0	0	31841.6	1363
73	77	0	0	0	0	23007.8	1364
60	72	0	0	0	0	25570.8	1365
70	73	0	0	0	0	38085.6	1366
72	67	0	0	0	0	39835.3	1367
69	76	0	0	0	0	37393.3	1368
78	82	0	0	0	0	28188.1	1369
68	66	0	0	0	0	31503.6	1370
73	61	0	0	0	0	37138.1	1371
85	84	0	0	0	0	33959.9	1372
71	83	0	0	0	0	34265.9	1373
74	58	0	0	0	0	23418.2	1374
68	85	0	0	0	0	30917.7	1375
71	83	0	0	0	0	20873.3	1376
71	72	0	0	0	0	31894.5	1377
80	78	0	0	0	0	24824.7	1378
87	80	0	0	0	0	37882.8	1379
72	70	0	0	0	0	23854.9	1380
65	68	0	0	0	0	30328.9	1381
60	81	0	0	0	0	30785.5	1382
72	86	0	0	0	0	20496.7	1383
66	67	0	0	0	0	38884.8	1384
67	79	0	0	0	0	24167.6	1385
86	73	0	0	0	0	30888.9	1386
76	70	0	0	0	0	20857.2	1387
78	68	0	0	0	0	22600.5	1388
53	58	0	0	0	0	23686.5	1389
63	68	0	0	0	0	26641.9	1390
79	63	0	0	0	0	21011.1	1391
69	71	0	0	0	0	34257.2	1392
62	69	0	0	0	0	22471.1	1393
68	72	0	0	0	0	21785.6	1394
85	69	0	0	0	0	30504.8	1395
55	61	0	0	0	0	36027.6	1396
68	65	0	0	0	0	26036.5	1397
63	72	0	0	0	0	33407.6	1398
54	55	0	0	0	0	34803.3	1399
62	79	0	0	0	0	24866.3	1400
55	63	0	0	0	0	35937.6	1401
59	66	0	0	0	0	37722.2	1402
69	71	0	0	0	0	32616.4	1403
74	75	0	0	0	0	39001.2	1404
82	70	0	0	0	0	22193.1	1405
66	68	0	0	0	0	26918.0	1406
66	64	0	0	0	0	39648.5	1407
73	59	0	0	0	0	35524.1	1408
70	63	0	0	0	0	28811.6	1409
66	68	0	0	0	0	37105.1	1410
63	68	0	0	0	0	36618.8	1411
67	69	0	0	0	0	27277.0	1412
59	74	0	0	0	0	26176.5	1413
77	62	0	0	0	0	35197.6	1414
72	52	0	0	0	0	23730.5	1415
66	66	0	0	0	0	29051.7	1416
58	70	0	0	0	0	36194.3	1417
67	74	0	0	0	0	26656.7	1418
70	66	0	0	0	0	24033.7	1419
49	71	0	0	0	0	28741.2	1420
56	79	0	0	0	0	27173.8	1421
59	61	0	0	0	0	26275.1	1422
75	72	0	0	0	0	36612.6	1423
73	56	0	0	0	0	26391.0	1424
67	73	0	0	0	0	21996.0	1425
55	68	0	0	0	0	37965.1	1426
58	56	0	0	0	0	28430.4	1427
70	53	0	0	0	0	33622.0	1428
59	71	0	0	0	0	26681.5	1429
67	79	0	0	0	0	24395.0	1430
63	47	0	0	0	0	27633.3	1431
57	58	0	0	0	0	23209.1	1432
57	51	0	0	0	0	25388.5	1433
59	62	0	0	0	0	30991.8	1434
60	50	0	0	0	0	39002.5	1435
71	58	0	0	0	0	22008.8	1436
58	70	0	0	0	0	29066.1	1437
45	57	0	0	0	0	30564.2	1438
63	71	0	0	0	0	23658.5	1439
74	52	0	0	0	0	21735.4	1440
54	59	0	0	0	0	26386.7	1441
63	59	0	0	0	0	38534.5	1442
57	61	0	0	0	0	26593.8	1443
51	62	0	0	0	0	24996.0	1444
50	57	0	0	0	0	33506.1	1445
54	57	0	0	0	0	20808.4	1446
56	59	0	0	0	0	31153.7	1447
56	72	0	0	0	0	39285.2	1448
55	50	0	0	0	0	36109.3	1449
56	59	0	0	0	0	37914.0	1450
68	54	0	0	0	0	31173.4	1451
59	65	0	0	0	0	30838.7	1452
49	51	0	0	0	0	30599.5	1453
56	68	0	0	0	0	27450.5	1454
51	62	0	0	0	0	35695.0	1455
56	58	0	0	0	0	31774.1	1456
59	65	0	0	0	0	36815.5	1457
57	56	0	0	0	0	33702.0	1458
49	48	0	0	0	0	27197.9	1459
54	61	0	0	0	0	21040.5	1460
51	59	0	0	0	0	22185.8	1461
64	58	0	0	0	0	37151.5	1462
66	69	0	0	0	0	24051.8	1463
58	50	0	0	0	0	39644.7	1464
60	55	0	0	0	0	30472.5	1465
56	43	0	0	0	0	22745.5	1466
47	54	0	0	0	0	32317.5	1467
62	58	0	0	0	0	29204.0	1468
55	58	0	0	0	0	20487.5	1469
53	54	0	0	0	0	21977.3	1470
41	48	0	0	0	0	32676.2	1471
40	46	0	0	0	0	26374.1	1472
46	55	0	0	0	0	26218.3	1473
40	61	0	0	0	0	21775.3	1474
58	62	0	0	0	0	34034.1	1475
57	58	0	0	0	0	21124.9	1476
45	46	0	0	0	0	29418.8	1477
47	54	0	0	0	0	31984.5	1478
53	55	0	0	0	0	32627.2	1479
49	48	0	0	0	0	39754.5	1480
57	54	0	0	0	0	25917.6	1481
55	46	0	0	0	0	26881.8	1482
61	61	0	0	0	0	36185.1	1483
61	51	0	0	0	0	27955.8	1484
58	53	0	0	0	0	20417.1	1485
56	48	0	0	0	0	33762.7	1486
43	57	0	0	0	0	29181.0	1487
52	52	0	0	0	0	38561.2	1488
56	54	0	0	0	0	20583.1	1489
50	53	0	0	0	0	26502.2	1490
51	52	0	0	0	0	33171.4	1491
45	47	0	0	0	0	21735.7	1492
60	63	0	0	0	0	26333.8	1493
44	56	0	0	0	0	28098.2	1494
45	51	0	0	0	0	30956.8	1495
58	58	0	0	0	0	23556.3	1496
58	40	0	0	0	0	36310.1	1497
58	49	0	0	0	0	39978.5	1498
53	54	0	0	0	0	30324.3	1499
50	59	0	0	0	0	31525.0	1500
53	48	0	0	0	0	29671.6	1501
45	45	0	0	0	0	25394.5	1502
44	44	0	0	0	0	20408.9	1503
50	43	0	0	0	0	22665.8	1504
47	54	0	0	0	0	31258.3	1505
50	41	0	0	0	0	34077.7	1506
56	53	0	0	0	0	27355.0	1507
36	37	0	0	0	0	27659.7	1508
45	43	0	0	0	0	30091.9	1509
45	55	0	0	0	0	27862.3	1510
44	59	0	0	0	0	29066.3	1511
47	66	0	0	0	0	37972.5	1512
53	56	0	0	0	0	27278.8	1513
44	47	0	0	0	0	38772.5	1514
56	48	0	0	0	0	37725.1	1515
54	51	0	0	0	0	39456.1	1516
39	51	0	0	0	0	36082.7	1517
49	53	0	0	0	0	33029.9	1518
47	44	0	0	0	0	29402.6	1519
35	47	0	0	0	0	30787.4	1520
53	43	0	0	0	0	28139.2	1521
48	35	0	0	0	0	39984.3	1522
43	41	0	0	0	0	30063.2	1523
44	46	0	0	0	0	22667.1	1524
39	41	0	0	0	0	31437.8	1525
49	37	0	0	0	0	31158.4	1526
45	41	0	0	0	0	37832.7	1527
46	48	0	0	0	0	29802.8	1528
47	55	0	0	0	0	21427.4	1529
55	61	0	0	0	0	29674.9	1530
40	38	0	0	0	0	24936.9	1531
48	53	0	0	0	0	22548.5	1532
33	51	0	0	0	0	39052.0	1533
56	50	0	0	0	0	31323.7	1534
41	57	0	0	0	0	27107.3	1535
43	48	0	0	0	0	29561.5	1536
46	33	0	0	0	0	32656.3	1537
42	41	0	0	0	0	25781.4	1538
45	53	0	0	0	0	30060.2	1539
48	46	0	0	0	0	33881.6	1540
37	39	0	0	0	0	37489.4	1541
48	43	0	0	0	0	30926.3	1542
48	58	0	0	0	0	21503.1	1543
46	49	0	0	0	0	25282.6	1544
35	58	0	0	0	0	35353.6	1545
48	34	0	0	0	0	29362.3	1546
52	50	0	0	0	0	29612.8	1547
48	36	0	0	0	0	30955.2	1548
43	41	0	0	0	0	38129.1	1549
45	32	0	0	0	0	21128.2	1550
50	35	0	0	0	0	23811.4	1551
53	53	0	0	0	0	32774.4	1552
53	44	0	0	0	0	37703.3	1553
55	47	0	0	0	0	25723.9	1554
50	33	0	0	0	0	26323.2	1555
35	42	0	0	0	0	21757.3	1556
40	27	0	0	0	0	33094.4	1557
55	43	0	0	0	0	32534.9	1558
41	37	0	0	0	0	20769.7	1559
38	37	0	0	0	0	25373.0	1560
36	46	0	0	0	0	28943.9	1561
31	39	0	0	0	0	23576.7	1562
40	34	0	0	0	0	23587.2	1563
42	35	0	0	0	0	28686.5	1564
44	36	0	0	0	0	28389.4	1565
30	38	0	0	0	0	31300.1	1566
30	37	0	0	0	0	36485.3	1567
43	41	0	0	0	0	27390.4	1568
48	43	0	0	0	0	23512.5	1569
46	48	0	0	0	0	27816.7	1570
47	46	0	0	0	0	22832.3	1571
37	41	0	0	0	0	37174.4	1572
49	39	0	0	0	0	38743.0	1573
40	48	0	0	0	0	24222.2	1574
48	41	0	0	0	0	31279.7	1575
39	43	0	0	0	0	29592.9	1576
44	42	0	0	0	0	25455.1	1577
30	39	0	0	0	0	33677.2	1578
29	47	0	0	0	0	25456.7	1579
36	42	0	0	0	0	39733.6	1580
31	37	0	0	0	0	39058.1	1581
46	42	0	0	0	0	33211.9	1582
37	39	0	0	0	0	35710.1	1583
35	47	0	0	0	0	27932.9	1584
47	31	0	0	0	0	33668.6	1585
47	46	0	0	0	0	36479.1	1586
44	39	0	0	0	0	28910.8	1587
39	38	0	0	0	0	36725.2	1588
42	37	0	0	0	0	30098.7	1589
53	42	0	0	0	0	38250.1	1590
47	33	0	0	0	0	35020.9	1591
32	38	0	0	0	0	25997.9	1592
36	41	0	0	0	0	28665.8	1593
33	40	0	0	0	0	32295.3	1594
32	35	0	0	0	0	33623.0	1595
35	42	0	0	0	0	37540.8	1596
41	48	0	0	0	0	27990.6	1597
50	37	0	0	0	0	28820.3	1598
37	41	0	0	0	0	28701.4	1599
48	39	0	0	0	0	23112.9	1600
23	30	0	0	0	0	30088.1	1601
38	38	0	0	0	0	38736.7	1602
37	38	0	0	0	0	33699.7	1603
38	38	0	0	0	0	22132.9	1604
42	29	0	0	0	0	23257.3	1605
31	33	0	0	0	0	22246.3	1606
45	35	0	0	0	0	29136.5	1607
29	41	0	0	0	0	29100.7	1608
48	33	0	0	0	0	25270.2	1609
29	32	0	0	0	0	29756.4	1610
29	40	0	0	0	0	20261.6	1611
40	40	0	0	0	0	29289.9	1612
32	26	0	0	0	0	22048.0	1613
40	42	0	0	0	0	25204.2	1614
34	35	0	0	0	0	22053.4	1615
31	40	0	0	0	0	21261.9	1616
43	38	0	0	0	0	33160.6	1617
33	38	0	0	0	0	33555.2	1618
33	30	0	0	0	0	33987.5	1619
29	28	0	0	0	0	31646.7	1620
37	40	0	0	0	0	37427.2	1621
34	46	0	0	0	0	28391.9	1622
29	33	0	0	0	0	21080.8	1623
32	32	0	0	0	0	32796.8	1624
32	44	0	0	0	0	39567.7	1625
36	38	0	0	0	0	23745.8	1626
31	34	0	0	0	0	22635.3	1627
34	31	0	0	0	0	22721.9	1628
25	30	0	0	0	0	37129.0	1629
35	35	0	0	0	0	33545.1	1630
27	32	0	0	0	0	34093.0	1631
35	42	0	0	0	0	39118.5	1632
32	30	0	0	0	0	31530.5	1633
27	41	0	0	0	0	20267.5	1634
36	36	0	0	0	0	34724.8	1635
27	37	0	0	0	0	28442.3	1636
34	40	0	0	0	0	35239.7	1637
47	43	0	0	0	0	35779.8	1638
28	36	0	0	0	0	26921.0	1639
38	25	0	0	0	0	33237.5	1640
25	38	0	0	0	0	37075.7	1641
49	36	0	0	0	0	22782.2	1642
27	31	0	0	0	0	26162.1	1643
31	38	0	0	0	0	39577.3	1644
34	34	0	0	0	0	23691.7	1645
40	28	0	0	0	0	23912.0	1646
34	29	0	0	0	0	37469.7	1647
21	25	0	0	0	0	32706.2	1648
28	29	0	0	0	0	22735.6	1649
32	38	0	0	0	0	25134.6	1650
31	30	0	0	0	0	30533.3	1651
31	25	0	0	0	0	23630.0	1652
45	35	0	0	0	0	31116.1	1653
36	25	0	0	0	0	32585.2	1654
39	25	0	0	0	0	28226.0	1655
40	32	0	0	0	0	20218.5	1656
19	26	0	0	0	0	22882.8	1657
38	34	0	0	0	0	20981.4	1658
27	31	0	0	0	0	24125.6	1659
28	30	0	0	0	0	34144.3	1660
37	21	0	0	0	0	24758.6	1661
40	32	0	0	0	0	27799.1	1662
39	31	0	0	0	0	21304.6	1663
21	34	0	0	0	0	39715.9	1664
33	28	0	0	0	0	26020.3	1665
20	36	0	0	0	0	26770.5	1666
25	29	0	0	0	0	31213.3	1667
29	33	0	0	0	0	39699.8	1668
33	32	0	0	0	0	33020.9	1669
37	25	0	0	0	0	26499.5	1670
32	37	0	0	0	0	26758.1	1671
36	32	0	0	0	0	29530.1	1672
23	29	0	0	0	0	35100.3	1673
28	27	0	0	0	0	36923.9	1674
29	41	0	0	0	0	27305.5	1675
32	30	0	0	0	0	32184.1	1676
39	34	0	0	0	0	20207.3	1677
34	31	0	0	0	0	39784.6	1678
31	32	0	0	0	0	31025.0	1679
34	32	0	0	0	0	21036.1	1680
35	31	0	0	0	0	25797.7	1681
30	35	0	0	0	0	27584.1	1682
27	36	0	0	0	0	20986.7	1683
29	37	0	0	0	0	25607.6	1684
29	20	0	0	0	0	33771.7	1685
32	34	0	0	0	0	31786.3	1686
41	35	0	0	0	0	35752.2	1687
36	28	0	0	0	0	25971.6	1688
26	29	0	0	0	0	21375.5	1689
26	39	0	0	0	0	30408.1	1690
27	38	0	0	0	0	20616.4	1691
23	26	0	0	0	0	24895.1	1692
25	33	0	0	0	0	33614.1	1693
21	33	0	0	0	0	37499.5	1694
26	29	0	0	0	0	29978.8	1695
32	34	0	0	0	0	39670.4	1696
29	25	0	0	0	0	29652.1	1697
35	29	0	0	0	0	22189.3	1698
31	36	0	0	0	0	22289.8	1699
26	25	0	0	0	0	20155.0	1700
28	29	0	0	0	0	37958.6	1701
26	31	0	0	0	0	23374.1	1702
24	28	0	0	0	0	39009.1	1703
38	31	0	0	0	0	26403.0	1704
24	30	0	0	0	0	25394.6	1705
21	28	0	0	0	0	37087.1	1706
22	18	0	0	0	0	28735.7	1707
31	29	0	0	0	0	34887.8	1708
28	19	0	0	0	0	29267.5	1709
38	20	0	0	0	0	33653.3	1710
24	21	0	0	0	0	29523.4	1711
32	20	0	0	0	0	31209.5	1712
29	21	0	0	0	0	20625.5	1713
27	25	0	0	0	0	26516.6	1714
22	24	0	0	0	0	25426.0	1715
28	28	0	0	0	0	32851.9	1716
20	23	0	0	0	0	32773.5	1717
35	26	0	0	0	0	28724.2	1718
23	31	0	0	0	0	36725.9	1719
24	23	0	0	0	0	35813.5	1720
27	30	0	0	0	0	37501.5	1721
16	33	0	0	0	0	32921.4	1722
23	22	0	0	0	0	33504.0	1723
23	23	0	0	0	0	30952.6	1724
24	22	0	0	0	0	28460.7	1725
22	23	0	0	0	0	22995.0	1726
30	29	0	0	0	0	23985.0	1727
27	25	0	0	0	0	35464.2	1728
25	17	0	0	0	0	34698.1	1729
22	19	0	0	0	0	31423.7	1730
26	30	0	0	0	0	28996.1	1731
16	21	0	0	0	0	27143.9	1732
26	22	0	0	0	0	20343.1	1733
22	21	0	0	0	0	35888.4	1734
26	26	0	0	0	0	34257.3	1735
21	19	0	0	0	0	39316.3	1736
28	23	0	0	0	0	24028.9	1737
21	25	0	0	0	0	20248.0	1738
24	28	0	0	0	0	26961.1	1739
24	24	0	0	0	0	27952.0	1740
19	25	0	0	0	0	39115.4	1741
29	24	0	0	0	0	29104.2	1742
27	21	0	0	0	0	31956.3	1743
22	24	0	0	0	0	26113.2	1744
22	33	0	0	0	0	34241.7	1745
28	26	0	0	0	0	23017.6	1746
30	24	0	0	0	0	31055.1	1747
19	24	0	0	0	0	33248.9	1748
23	25	0	0	0	0	23302.5	1749
18	22	0	0	0	0	25245.4	1750
25	18	0	0	0	0	23690.8	1751
29	24	0	0	0	0	31074.5	1752
22	21	0	0	0	0	28642.8	1753
17	17	0	0	0	0	37021.3	1754
22	26	0	0	0	0	33316.6	1755
25	19	0	0	0	0	36642.1	1756
24	25	0	0	0	0	27091.8	1757
16	23	0	0	0	0	24107.7	1758
17	22	0	0	0	0	38591.1	1759
19	22	0	0	0	0	27060.1	1760
32	41	0	0	0	0	38064.0	1761
22	16	0	0	0	0	28875.3	1762
25	23	0	0	0	0	35389.6	1763
16	26	0	0	0	0	25811.9	1764
18	28	0	0	0	0	20331.5	1765
28	23	0	0	0	0	31548.5	1766
27	17	0	0	0	0	21128.7	1767
19	26	0	0	0	0	22717.0	1768
22	12	0	0	0	0	23458.2	1769
27	26	0	0	0	0	28194.5	1770
21	24	0	0	0	0	26314.2	1771
23	24	0	0	0	0	35831.2	1772
23	29	0	0	0	0	37088.6	1773
27	22	0	0	0	0	21455.0	1774
21	22	0	0	0	0	28906.5	1775
21	24	0	0	0	0	27137.6	1776
26	24	0	0	0	0	34993.8	1777
29	21	0	0	0	0	38145.6	1778
17	30	0	0	0	0	25077.3	1779
18	27	0	0	0	0	21146.5	1780
16	26	0	0	0	0	22062.8	1781
16	20	0	0	0	0	20529.8	1782
20	17	0	0	0	0	32346.0	1783
24	25	0	0	0	0	31541.5	1784
21	19	0	0	0	0	36340.1	1785
16	21	0	0	0	0	22259.1	1786
21	24	0	0	0	0	26347.0	1787
27	14	0	0	0	0	20967.2	1788
16	27	0	0	0	0	25541.2	1789
17	22	0	0	0	0	33929.9	1790
18	23	0	0	0	0	24014.3	1791
24	20	0	0	0	0	26719.5	1792
17	19	0	0	0	0	36039.3	1793
19	17	0	0	0	0	29753.2	1794
23	18	0	0	0	0	20943.9	1795
19	15	0	0	0	0	34157.6	1796
25	26	0	0	0	0	24322.0	1797
17	15	0	0	0	0	31630.4	1798
19	19	0	0	0	0	23026.3	1799
19	25	0	0	0	0	29159.5	1800
19	18	0	0	0	0	23907.5	1801
21	28	0	0	0	0	33905.9	1802
18	25	0	0	0	0	27248.5	1803
15	18	0	0	0	0	34960.9	1804
15	26	0	0	0	0	34643.9	1805
26	14	0	0	0	0	32782.0	1806
14	19	0	0	0	0	26879.0	1807
28	19	0	0	0	0	27993.7	1808
20	17	0	0	0	0	25776.6	1809
23	19	0	0	0	0	37144.5	1810
20	24	0	0	0	0	22859.9	1811
19	13	0	0	0	0	26918.0	1812
17	16	0	0	0	0	28298.3	1813
25	13	0	0	0	0	28709.2	1814
19	16	0	0	0	0	30498.1	1815
21	28	0	0	0	0	28443.3	1816
13	13	0	0	0	0	36790.0	1817
16	14	0	0	0	0	34273.5	1818
19	17	0	0	0	0	27239.8	1819
15	21	0	0	0	0	20052.4	1820
16	18	0	0	0	0	25075.6	1821
30	15	0	0	0	0	39754.8	1822
20	12	0	0	0	0	28876.5	1823
21	18	0	0	0	0	35872.1	1824
19	22	0	0	0	0	29144.1	1825
21	18	0	0	0	0	24459.3	1826
12	29	0	0	0	0	38035.3	1827
22	26	0	0	0	0	39139.6	1828
22	23	0	0	0	0	22140.4	1829
18	26	0	0	0	0	23545.5	1830
20	12	0	0	0	0	33602.0	1831
16	15	0	0	0	0	37530.0	1832
17	18	0	0	0	0	21966.7	1833
19	22	0	0	0	0	21043.6	1834
16	15	0	0	0	0	20400.7	1835
22	15	0	0	0	0	26118.3	1836
16	20	0	0	0	0	21820.1	1837
23	18	0	0	0	0	20871.5	1838
21	21	0	0	0	0	30654.7	1839
17	14	0	0	0	0	31939.2	1840
12	19	0	0	0	0	27344.0	1841
16	17	0	0	0	0	38735.8	1842
24	12	0	0	0	0	29641.7	1843
17	18	0	0	0	0	39174.5	1844
22	17	0	0	0	0	23259.4	1845
23	17	0	0	0	0	20982.9	1846
18	19	0	0	0	0	37346.0	1847
16	19	0	0	0	0	33646.6	1848
20	18	0	0	0	0	31301.7	1849
13	12	0	0	0	0	34767.5	1850
18	14	0	0	0	0	25987.9	1851
16	20	0	0	0	0	33166.0	1852
16	16	0	0	0	0	21534.7	1853
16	21	0	0	0	0	32033.1	1854
27	21	0	0	0	0	30489.7	1855
22	14	0	0	0	0	39925.0	1856
17	20	0	0	0	0	23083.6	1857
12	20	0	0	0	0	32022.3	1858
23	13	0	0	0	0	33621.1	1859
23	19	0	0	0	0	32652.4	1860
13	14	0	0	0	0	23485.2	1861
19	22	0	0	0	0	21151.4	1862
17	21	0	0	0	0	38523.2	1863
13	15	0	0	0	0	32296.2	1864
12	17	0	0	0	0	23552.4	1865
13	13	0	0	0	0	39509.8	1866
9	18	0	0	0	0	20947.6	1867
11	20	0	0	0	0	34275.9	1868
16	15	0	0	0	0	31139.0	1869
15	14	0	0	0	0	36094.2	1870
6	22	0	0	0	0	21985.3	1871
21	22	0	0	0	0	21379.3	1872
13	11	0	0	0	0	35225.2	1873
11	19	0	0	0	0	20725.3	1874
13	15	0	0	0	0	32621.9	1875
6	11	0	0	0	0	39007.9	1876
19	15	0	0	0	0	29038.6	1877
17	19	0	0	0	0	37925.0	1878
16	21	0	0	0	0	20870.7	1879
22	17	0	0	0	0	39204.9	1880
15	8	0	0	0	0	35927.9	1881
8	9	0	0	0	0	26108.3	1882
17	14	0	0	0	0	35033.7	1883
9	18	0	0	0	0	37109.8	1884
13	13	0	0	0	0	39331.1	1885
19	15	0	0	0	0	39665.9	1886
13	17	0	0	0	0	28146.1	1887
18	20	0	0	0	0	20920.6	1888
19	10	0	0	0	0	39393.6	1889
15	21	0	0	0	0	36803.5	1890
20	17	0	0	0	0	39021.3	1891
12	18	0	0	0	0	31926.5	1892
23	8	0	0	0	0	26638.9	1893
17	19	0	0	0	0	38109.9	1894
10	18	0	0	0	0	35002.8	1895
16	19	0	0	0	0	30983.2	1896
12	19	0	0	0	0	33711.4	1897
15	17	0	0	0	0	26764.9	1898
20	15	0	0	0	0	36454.6	1899
13	16	0	0	0	0	38349.1	1900
11	16	0	0	0	0	22437.9	1901
10	19	0	0	0	0	29362.5	1902
17	13	0	0	0	0	27370.1	1903
13	13	0	0	0	0	32263.9	1904
12	17	0	0	0	0	32254.9	1905
19	14	0	0	0	0	22612.1	1906
14	18	0	0	0	0	30138.4	1907
20	12	0	0	0	0	39997.3	1908
14	11	0	0	0	0	21198.9	1909
16	10	0	0	0	0	28351.3	1910
9	18	0	0	0	0	20746.2	1911
24	12	0	0	0	0	22758.2	1912
20	16	0	0	0	0	27508.2	1913
14	17	0	0	0	0	38952.0	1914
14	9	0	0	0	0	37618.0	1915
14	17	0	0	0	0	35582.7	1916
11	17	0	0	0	0	32313.7	1917
15	17	0	0	0	0	22433.2	1918
16	8	0	0	0	0	38542.6	1919
20	16	0	0	0	0	24832.1	1920
21	13	0	0	0	0	28056.2	1921
16	11	0	0	0	0	32109.4	1922
10	13	0	0	0	0	38718.5	1923
17	12	0	0	0	0	36321.7	1924
16	20	0	0	0	0	26500.3	1925
15	11	0	0	0	0	33236.0	1926
12	8	0	0	0	0	39305.6	1927
20	13	0	0	0	0	30308.2	1928
14	6	0	0	0	0	33614.9	1929
16	18	0	0	0	0	33853.0	1930
13	15	0	0	0	0	32885.6	1931
15	14	0	0	0	0	30392.7	1932
11	12	0	0	0	0	21696.1	1933
11	19	0	0	0	0	35122.4	1934
11	8	0	0	0	0	20883.1	1935
12	6	0	0	0	0	24658.9	1936
13	17	0	0	0	0	25161.8	1937
11	13	0	0	0	0	26467.9	1938
14	14	0	0	0	0	31459.8	1939
9	12	0	0	0	0	34329.5	1940
10	5	0	0	0	0	27968.6	1941
12	14	0	0	0	0	33893.5	1942
12	8	0	0	0	0	31251.1	1943
11	9	0	0	0	0	25872.2	1944
17	13	0	0	0	0	38541.2	1945
9	11	0	0	0	0	20361.7	1946
12	18	0	0	0	0	31473.7	1947
11	9	0	0	0	0	21879.2	1948
17	15	0	0	0	0	24731.1	1949
14	19	0	0	0	0	22106.7	1950
16	24	0	0	0	0	33672.6	1951
12	18	0	0	0	0	35646.2	1952
16	20	0	0	0	0	23146.4	1953
12	3	0	0	0	0	38483.0	1954
19	12	0	0	0	0	34375.5	1955
16	13	0	0	0	0	37475.1	1956
14	9	0	0	0	0	22369.7	1957
15	14	0	0	0	0	35172.9	1958
9	14	0	0	0	0	26504.5	1959
14	14	0	0	0	0	29399.9	1960
10	10	0	0	0	0	26805.0	1961
9	13	0	0	0	0	36022.5	1962
16	18	0	0	0	0	22935.0	1963
14	18	0	0	0	0	37463.1	1964
9	10	0	0	0	0	28131.5	1965
14	10	0	0	0	0	29318.0	1966
13	17	0	0	0	0	22224.3	1967
17	12	0	0	0	0	34032.3	1968
14	13	0	0	0	0	32455.1	1969
13	16	0	0	0	0	22824.3	1970
19	9	0	0	0	0	28009.7	1971
18	11	0	0	0	0	39282.8	1972
11	8	0	0	0	0	30817.0	1973
13	12	0	0	0	0	23359.8	1974
17	7	0	0	0	0	27580.8	1975
14	15	0	0	0	0	39648.4	1976
11	12	0	0	0	0	25420.4	1977
15	15	0	0	0	0	28304.5	1978
14	6	0	0	0	0	39731.5	1979
9	12	0	0	0	0	36756.3	1980
12	15	0	0	0	0	29821.0	1981
10	12	0	0	0	0	35353.7	1982
7	12	0	0	0	0	36451.8	1983
5	12	0	0	0	0	35745.8	1984
12	8	0	0	0	0	39750.6	1985
11	8	0	0	0	0	33552.3	1986
11	11	0	0	0	0	24661.0	1987
13	16	0	0	0	0	21396.0	1988
7	12	0	0	0	0	23426.4	1989
12	11	0	0	0	0	35091.9	1990
9	11	0	0	0	0	22822.2	1991
9	11	0	0	0	0	20981.9	1992
7	11	0	0	0	0	30152.2	1993
10	7	0	0	0	0	38169.4	1994
9	8	0	0	0	0	29068.4	1995
6	13	0	0	0	0	26049.8	1996
9	11	0	0	0	0	36900.5	1997
12	14	0	0	0	0	21684.6	1998
12	15	0	0	0	0	28613.7	1999
10	13	0	0	0	0	27608.9	2000
