unique_top_cov	unique_bot_cov	redundant_top_cov	redundant_bot_cov	raw_redundant_top_cov	raw_redundant_bot_cov	e_value	position
141	134	0	0	0	0	38101.4	1
168	155	0	0	0	0	36794.3	2
149	144	0	0	0	0	34142.8	3
141	147	0	0	0	0	26467.0	4
178	123	0	0	0	0	31787.7	5
151	144	0	0	0	0	33430.6	6
157	154	0	0	0	0	23283.6	7
152	152	0	0	0	0	27605.3	8
154	148	0	0	0	0	34631.1	9
146	148	0	0	0	0	30615.9	10
133	146	0	0	0	0	38159.1	11
140	127	0	0	0	0	24473.1	12
151	163	0	0	0	0	37120.2	13
154	146	0	0	0	0	28780.8	14
165	140	0	0	0	0	23597.3	15
120	157	0	0	0	0	39179.6	16
147	143	0	0	0	0	35041.8	17
162	146	0	0	0	0	23325.4	18
157	134	0	0	0	0	32795.3	19
145	134	0	0	0	0	22420.4	20
142	145	0	0	0	0	38180.6	21
143	158	0	0	0	0	22260.9	22
139	143	0	0	0	0	31484.7	23
148	151	0	0	0	0	21381.5	24
145	143	0	0	0	0	39785.9	25
160	157	0	0	0	0	39136.9	26
141	141	0	0	0	0	33739.6	27
161	150	0	0	0	0	34626.8	28
146	127	0	0	0	0	25610.7	29
146	140	0	0	0	0	28644.1	30
145	148	0	0	0	0	21003.4	31
153	148	0	0	0	0	38669.7	32
153	156	0	0	0	0	29191.1	33
151	150	0	0	0	0	24024.7	34
143	161	0	0	0	0	23463.3	35
164	138	0	0	0	0	32129.8	36
149	164	0	0	0	0	32600.6	37
162	138	0	0	0	0	33267.7	38
116	153	0	0	0	0	30729.9	39
143	136	0	0	0	0	29544.0	40
155	154	0	0	0	0	26171.7	41
176	156	0	0	0	0	33527.1	42
140	135	0	0	0	0	30916.0	43
124	148	0	0	0	0	24968.1	44
137	137	0	0	0	0	34852.9	45
162	160	0	0	0	0	24913.2	46
140	151	0	0	0	0	20060.9	47
159	167	0	0	0	0	29308.0	48
150	162	0	0	0	0	36966.3	49
158	144	0	0	0	0	24705.6	50
129	154	0	0	0	0	26633.3	51
143	147	0	0	0	0	24269.2	52
146	157	0	0	0	0	35986.4	53
159	140	0	0	0	0	34665.4	54
160	163	0	0	0	0	21684.3	55
144	142	0	0	0	0	30016.5	56
148	157	0	0	0	0	21278.6	57
127	147	0	0	0	0	38366.3	58
134	133	0	0	0	0	21941.6	59
146	149	0	0	0	0	37335.8	60
157	136	0	0	0	0	39206.0	61
147	133	0	0	0	0	38722.1	62
144	137	0	0	0	0	28241.6	63
163	133	0	0	0	0	33479.6	64
146	153	0	0	0	0	27199.1	65
168	133	0	0	0	0	24036.5	66
132	154	0	0	0	0	34157.0	67
148	134	0	0	0	0	25080.7	68
152	140	0	0	0	0	25375.2	69
176	145	0	0	0	0	25781.2	70
141	167	0	0	0	0	34997.2	71
133	154	0	0	0	0	35568.3	72
144	136	0	0	0	0	28361.7	73
152	153	0	0	0	0	34565.5	74
155	165	0	0	0	0	37497.3	75
151	141	0	0	0	0	39459.6	76
160	140	0	0	0	0	22119.9	77
150	170	0	0	0	0	21329.1	78
165	136	0	0	0	0	30366.1	79
155	153	0	0	0	0	27629.0	80
148	139	0	0	0	0	35423.5	81
137	168	0	0	0	0	35524.1	82
134	149	0	0	0	0	32844.7	83
135	156	0	0	0	0	33002.9	84
148	129	0	0	0	0	38131.9	85
136	161	0	0	0	0	38818.9	86
164	141	0	0	0	0	34166.0	87
128	146	0	0	0	0	34662.3	88
161	160	0	0	0	0	35820.8	89
156	145	0	0	0	0	38596.7	90
160	127	0	0	0	0	39031.4	91
169	138	0	0	0	0	24871.3	92
150	159	0	0	0	0	34160.9	93
151	173	0	0	0	0	33334.6	94
148	144	0	0	0	0	29913.7	95
162	152	0	0	0	0	22053.8	96
162	148	0	0	0	0	34191.8	97
142	158	0	0	0	0	30778.8	98
150	156	0	0	0	0	23393.1	99
150	146	0	0	0	0	23636.6	100
144	135	0	0	0	0	26670.8	101
163	156	0	0	0	0	26025.3	102
124	135	0	0	0	0	37243.9	103
162	138	0	0	0	0	29009.4	104
167	139	0	0	0	0	23244.1	105
147	162	0	0	0	0	39555.5	106
175	155	0	0	0	0	27371.2	107
129	143	0	0	0	0	30293.1	108
181	153	0	0	0	0	37281.2	109
121	149	0	0	0	0	23099.6	110
164	152	0	0	0	0	25399.2	111
155	145	0	0	0	0	20329.0	112
146	171	0	0	0	0	26310.5	113
146	158	0	0	0	0	38130.5	114
147	135	0	0	0	0	22058.0	115
160	140	0	0	0	0	26682.7	116
161	145	0	0	0	0	35067.2	117
145	155	0	0	0	0	33466.3	118
160	189	0	0	0	0	23333.4	119
130	151	0	0	0	0	33808.7	120
170	179	0	0	0	0	35452.1	121
152	133	0	0	0	0	36141.8	122
152	140	0	0	0	0	28300.1	123
143	145	0	0	0	0	23246.3	124
160	143	0	0	0	0	28053.8	125
161	151	0	0	0	0	37762.3	126
157	157	0	0	0	0	38762.6	127
153	176	0	0	0	0	20126.5	128
141	160	0	0	0	0	34484.0	129
140	184	0	0	0	0	34988.7	130
135	159	0	0	0	0	32501.8	131
167	149	0	0	0	0	35730.5	132
174	138	0	0	0	0	32657.1	133
135	137	0	0	0	0	38317.6	134
158	149	0	0	0	0	29352.0	135
154	121	0	0	0	0	27464.7	136
155	141	0	0	0	0	20714.9	137
180	159	0	0	0	0	30473.3	138
174	160	0	0	0	0	29650.1	139
142	154	0	0	0	0	38868.9	140
156	148	0	0	0	0	33607.8	141
153	154	0	0	0	0	21063.2	142
172	184	0	0	0	0	20645.2	143
166	158	0	0	0	0	20340.9	144
156	173	0	0	0	0	34147.9	145
143	143	0	0	0	0	21970.8	146
148	162	0	0	0	0	29431.8	147
149	163	0	0	0	0	29721.4	148
169	147	0	0	0	0	32668.3	149
153	159	0	0	0	0	27039.1	150
130	150	0	0	0	0	28144.5	151
133	164	0	0	0	0	24461.0	152
151	144	0	0	0	0	27314.9	153
168	158	0	0	0	0	30603.7	154
149	149	0	0	0	0	36179.4	155
138	156	0	0	0	0	20386.2	156
148	137	0	0	0	0	33844.5	157
138	155	0	0	0	0	29711.7	158
145	157	0	0	0	0	32619.3	159
144	156	0	0	0	0	28783.7	160
174	143	0	0	0	0	34271.7	161
173	158	0	0	0	0	21149.1	162
145	155	0	0	0	0	20878.6	163
138	177	0	0	0	0	26004.8	164
145	139	0	0	0	0	26063.3	165
142	155	0	0	0	0	38726.0	166
152	178	0	0	0	0	21818.2	167
153	126	0	0	0	0	39448.2	168
159	149	0	0	0	0	29540.0	169
153	158	0	0	0	0	36820.2	170
141	134	0	0	0	0	30319.9	171
191	174	0	0	0	0	21783.9	172
170	138	0	0	0	0	36298.9	173
155	165	0	0	0	0	35477.3	174
153	140	0	0	0	0	28272.3	175
164	156	0	0	0	0	29927.8	176
146	160	0	0	0	0	21710.5	177
132	164	0	0	0	0	34658.4	178
166	151	0	0	0	0	31472.7	179
157	155	0	0	0	0	34768.9	180
131	158	0	0	0	0	37920.4	181
158	150	0	0	0	0	20930.9	182
149	162	0	0	0	0	33987.4	183
154	187	0	0	0	0	29897.0	184
149	170	0	0	0	0	32637.0	185
148	153	0	0	0	0	21173.4	186
160	142	0	0	0	0	26910.4	187
153	135	0	0	0	0	20131.8	188
156	164	0	0	0	0	23059.2	189
171	175	0	0	0	0	29970.7	190
157	162	0	0	0	0	20347.3	191
174	163	0	0	0	0	28804.8	192
155	152	0	0	0	0	37364.0	193
159	133	0	0	0	0	33407.5	194
186	159	0	0	0	0	25453.5	195
178	148	0	0	0	0	20671.5	196
150	170	0	0	0	0	27599.7	197
189	147	0	0	0	0	36864.7	198
149	173	0	0	0	0	28746.7	199
173	149	0	0	0	0	29377.9	200
174	145	0	0	0	0	35634.3	201
164	151	0	0	0	0	22533.1	202
169	169	0	0	0	0	27858.8	203
155	190	0	0	0	0	29665.6	204
170	162	0	0	0	0	33574.1	205
166	158	0	0	0	0	32967.9	206
174	150	0	0	0	0	25574.6	207
131	181	0	0	0	0	38002.8	208
170	157	0	0	0	0	20088.5	209
157	162	0	0	0	0	37583.6	210
179	167	0	0	0	0	37119.3	211
151	137	0	0	0	0	35832.1	212
173	156	0	0	0	0	37579.4	213
157	174	0	0	0	0	20314.1	214
154	165	0	0	0	0	39713.6	215
154	169	0	0	0	0	21781.0	216
166	156	0	0	0	0	31118.4	217
169	141	0	0	0	0	36731.3	218
164	165	0	0	0	0	32714.7	219
144	161	0	0	0	0	25241.7	220
184	153	0	0	0	0	35886.5	221
147	191	0	0	0	0	21284.1	222
149	151	0	0	0	0	35287.3	223
187	160	0	0	0	0	38562.1	224
171	167	0	0	0	0	39495.0	225
161	155	0	0	0	0	34698.5	226
166	149	0	0	0	0	25206.3	227
170	154	0	0	0	0	29066.6	228
180	160	0	0	0	0	34082.4	229
162	163	0	0	0	0	24284.7	230
157	158	0	0	0	0	28673.9	231
144	164	0	0	0	0	25045.4	232
172	169	0	0	0	0	22364.6	233
170	156	0	0	0	0	24325.2	234
177	163	0	0	0	0	28424.2	235
170	168	0	0	0	0	39858.2	236
167	157	0	0	0	0	20347.5	237
162	177	0	0	0	0	34099.9	238
167	161	0	0	0	0	28739.8	239
149	157	0	0	0	0	36878.1	240
164	170	0	0	0	0	33338.3	241
148	166	0	0	0	0	20213.4	242
168	164	0	0	0	0	37766.2	243
160	170	0	0	0	0	27206.7	244
175	157	0	0	0	0	37154.2	245
174	166	0	0	0	0	30683.0	246
169	169	0	0	0	0	30095.1	247
176	143	0	0	0	0	30365.0	248
161	164	0	0	0	0	31422.7	249
166	155	0	0	0	0	26620.6	250
153	151	0	0	0	0	27476.9	251
166	168	0	0	0	0	21001.5	252
163	164	0	0	0	0	31381.3	253
138	146	0	0	0	0	27442.4	254
153	177	0	0	0	0	38528.2	255
181	156	0	0	0	0	33822.2	256
168	171	0	0	0	0	21694.3	257
161	167	0	0	0	0	20282.0	258
173	161	0	0	0	0	22052.0	259
157	153	0	0	0	0	25560.2	260
177	161	0	0	0	0	28979.0	261
180	189	0	0	0	0	30533.0	262
173	172	0	0	0	0	23233.8	263
143	152	0	0	0	0	22286.5	264
160	158	0	0	0	0	39755.8	265
142	173	0	0	0	0	23261.5	266
166	178	0	0	0	0	31584.8	267
158	159	0	0	0	0	33547.4	268
156	165	0	0	0	0	31536.5	269
172	151	0	0	0	0	30671.1	270
181	150	0	0	0	0	39394.2	271
163	178	0	0	0	0	26621.1	272
149	175	0	0	0	0	38808.6	273
153	157	0	0	0	0	30562.4	274
168	153	0	0	0	0	33586.0	275
153	178	0	0	0	0	39528.6	276
163	164	0	0	0	0	33567.4	277
161	171	0	0	0	0	34458.3	278
154	187	0	0	0	0	20887.4	279
174	156	0	0	0	0	34873.5	280
180	149	0	0	0	0	21699.7	281
167	168	0	0	0	0	25338.6	282
163	158	0	0	0	0	32949.8	283
172	167	0	0	0	0	20658.9	284
165	180	0	0	0	0	26889.7	285
150	176	0	0	0	0	32117.1	286
157	179	0	0	0	0	31292.3	287
170	177	0	0	0	0	26542.3	288
170	162	0	0	0	0	37568.8	289
163	169	0	0	0	0	22651.2	290
168	157	0	0	0	0	28416.2	291
155	159	0	0	0	0	20687.4	292
176	145	0	0	0	0	26155.3	293
167	163	0	0	0	0	31958.5	294
148	172	0	0	0	0	22095.7	295
159	171	0	0	0	0	21163.2	296
168	164	0	0	0	0	28115.7	297
143	151	0	0	0	0	30882.5	298
160	186	0	0	0	0	22149.3	299
196	176	0	0	0	0	35492.7	300
173	173	0	0	0	0	22454.9	301
175	171	0	0	0	0	35124.9	302
143	144	0	0	0	0	39964.1	303
180	169	0	0	0	0	22944.9	304
162	172	0	0	0	0	32959.5	305
191	167	0	0	0	0	25973.0	306
190	167	0	0	0	0	21583.9	307
160	168	0	0	0	0	36969.3	308
180	166	0	0	0	0	35926.9	309
180	151	0	0	0	0	22898.8	310
199	167	0	0	0	0	20050.8	311
176	163	0	0	0	0	25259.3	312
175	176	0	0	0	0	33489.6	313
186	155	0	0	0	0	38535.0	314
164	162	0	0	0	0	35925.7	315
184	174	0	0	0	0	23651.5	316
162	145	0	0	0	0	30555.3	317
170	177	0	0	0	0	35422.2	318
164	179	0	0	0	0	32290.5	319
162	179	0	0	0	0	35154.7	320
157	160	0	0	0	0	30105.8	321
175	165	0	0	0	0	27325.3	322
175	171	0	0	0	0	36573.2	323
148	182	0	0	0	0	38485.6	324
171	162	0	0	0	0	31201.1	325
164	175	0	0	0	0	37350.8	326
169	199	0	0	0	0	32919.0	327
162	186	0	0	0	0	25001.9	328
169	170	0	0	0	0	29401.4	329
173	168	0	0	0	0	36824.7	330
150	150	0	0	0	0	31286.4	331
187	173	0	0	0	0	21993.7	332
164	163	0	0	0	0	25285.7	333
171	158	0	0	0	0	28160.1	334
150	172	0	0	0	0	22152.7	335
166	170	0	0	0	0	28382.8	336
184	174	0	0	0	0	28803.2	337
178	158	0	0	0	0	26718.9	338
153	164	0	0	0	0	26216.1	339
167	171	0	0	0	0	35151.8	340
168	182	0	0	0	0	25791.7	341
157	170	0	0	0	0	37594.6	342
183	156	0	0	0	0	32622.7	343
152	163	0	0	0	0	32282.2	344
179	182	0	0	0	0	34380.3	345
170	173	0	0	0	0	32103.9	346
169	175	0	0	0	0	37316.8	347
163	169	0	0	0	0	39254.3	348
151	164	0	0	0	0	35751.4	349
175	167	0	0	0	0	36856.7	350
172	169	0	0	0	0	24104.1	351
207	187	0	0	0	0	38894.9	352
209	173	0	0	0	0	33280.6	353
196	170	0	0	0	0	37695.9	354
154	165	0	0	0	0	22196.9	355
190	160	0	0	0	0	23075.6	356
167	160	0	0	0	0	38195.7	357
166	177	0	0	0	0	34472.4	358
182	151	0	0	0	0	23714.7	359
172	167	0	0	0	0	32643.6	360
185	187	0	0	0	0	23627.0	361
201	172	0	0	0	0	38131.8	362
171	167	0	0	0	0	33835.7	363
146	157	0	0	0	0	32600.8	364
186	170	0	0	0	0	32418.1	365
158	182	0	0	0	0	35507.2	366
164	157	0	0	0	0	31081.2	367
164	174	0	0	0	0	36277.5	368
163	187	0	0	0	0	31376.7	369
187	160	0	0	0	0	34778.8	370
198	177	0	0	0	0	34734.0	371
175	145	0	0	0	0	34823.7	372
181	174	0	0	0	0	36049.5	373
164	167	0	0	0	0	34146.6	374
177	151	0	0	0	0	32731.4	375
149	183	0	0	0	0	28852.7	376
177	181	0	0	0	0	23568.0	377
186	170	0	0	0	0	37773.5	378
204	171	0	0	0	0	27141.4	379
187	181	0	0	0	0	22700.9	380
179	183	0	0	0	0	25282.4	381
173	171	0	0	0	0	35850.6	382
135	194	0	0	0	0	20670.2	383
185	197	0	0	0	0	30083.9	384
175	201	0	0	0	0	23437.5	385
188	148	0	0	0	0	37271.0	386
161	202	0	0	0	0	23411.4	387
178	177	0	0	0	0	26051.9	388
177	194	0	0	0	0	28884.3	389
190	161	0	0	0	0	33991.0	390
177	194	0	0	0	0	34830.9	391
184	169	0	0	0	0	34099.4	392
187	179	0	0	0	0	38383.3	393
184	179	0	0	0	0	33596.0	394
177	185	0	0	0	0	36257.1	395
191	199	0	0	0	0	27208.1	396
160	195	0	0	0	0	28472.6	397
199	183	0	0	0	0	35999.5	398
152	167	0	0	0	0	38876.1	399
191	189	0	0	0	0	35852.3	400
189	160	0	0	0	0	35180.2	401
174	196	0	0	0	0	24968.4	402
163	144	0	0	0	0	32137.2	403
176	182	0	0	0	0	20173.1	404
161	170	0	0	0	0	32776.2	405
163	162	0	0	0	0	38344.6	406
203	155	0	0	0	0	30209.8	407
167	141	0	0	0	0	25985.2	408
174	161	0	0	0	0	32266.9	409
199	167	0	0	0	0	24028.2	410
175	164	0	0	0	0	22175.7	411
184	180	0	0	0	0	36858.0	412
188	153	0	0	0	0	25562.7	413
156	171	0	0	0	0	36397.9	414
155	166	0	0	0	0	32411.6	415
165	190	0	0	0	0	37124.9	416
169	176	0	0	0	0	36397.6	417
184	192	0	0	0	0	23231.3	418
187	190	0	0	0	0	24989.1	419
185	181	0	0	0	0	35713.1	420
187	173	0	0	0	0	24060.0	421
157	163	0	0	0	0	30864.7	422
197	192	0	0	0	0	26782.8	423
168	179	0	0	0	0	26482.8	424
187	188	0	0	0	0	38944.0	425
191	176	0	0	0	0	25544.9	426
168	168	0	0	0	0	23597.9	427
208	153	0	0	0	0	30113.8	428
173	151	0	0	0	0	35157.7	429
176	173	0	0	0	0	38137.1	430
200	192	0	0	0	0	39213.6	431
183	183	0	0	0	0	31942.2	432
179	193	0	0	0	0	26804.5	433
184	171	0	0	0	0	26275.4	434
172	177	0	0	0	0	34228.5	435
187	181	0	0	0	0	30247.8	436
183	196	0	0	0	0	35558.2	437
178	184	0	0	0	0	23886.4	438
192	175	0	0	0	0	37280.8	439
186	182	0	0	0	0	39995.7	440
175	181	0	0	0	0	32411.1	441
173	162	0	0	0	0	21697.7	442
185	184	0	0	0	0	33459.4	443
190	186	0	0	0	0	31334.3	444
187	189	0	0	0	0	28552.7	445
192	200	0	0	0	0	35400.2	446
176	178	0	0	0	0	22163.6	447
191	163	0	0	0	0	31854.2	448
185	173	0	0	0	0	29163.3	449
179	171	0	0	0	0	21092.2	450
188	186	0	0	0	0	23101.6	451
190	197	0	0	0	0	23639.9	452
184	179	0	0	0	0	22243.5	453
162	170	0	0	0	0	36309.1	454
198	181	0	0	0	0	38690.0	455
189	162	0	0	0	0	31904.3	456
201	152	0	0	0	0	20131.7	457
166	161	0	0	0	0	27699.7	458
170	182	0	0	0	0	20972.4	459
182	191	0	0	0	0	38862.5	460
185	170	0	0	0	0	25453.0	461
206	182	0	0	0	0	29739.6	462
202	177	0	0	0	0	25582.3	463
200	191	0	0	0	0	31876.1	464
188	194	0	0	0	0	30172.2	465
186	187	0	0	0	0	24980.4	466
175	203	0	0	0	0	32742.0	467
182	197	0	0	0	0	38489.9	468
162	179	0	0	0	0	38085.0	469
184	180	0	0	0	0	35052.1	470
157	172	0	0	0	0	25551.2	471
175	196	0	0	0	0	36876.1	472
183	176	0	0	0	0	21490.2	473
192	173	0	0	0	0	24868.7	474
215	190	0	0	0	0	21449.1	475
184	200	0	0	0	0	34611.0	476
181	160	0	0	0	0	36589.1	477
166	179	0	0	0	0	31824.5	478
193	185	0	0	0	0	35201.1	479
193	190	0	0	0	0	27221.8	480
187	181	0	0	0	0	24448.5	481
158	202	0	0	0	0	36861.9	482
150	186	0	0	0	0	32768.4	483
179	184	0	0	0	0	24536.8	484
161	177	0	0	0	0	23990.0	485
191	174	0	0	0	0	28323.4	486
186	180	0	0	0	0	25666.7	487
170	182	0	0	0	0	38236.3	488
175	197	0	0	0	0	27791.8	489
182	205	0	0	0	0	25933.8	490
199	184	0	0	0	0	30451.4	491
186	180	0	0	0	0	39703.6	492
183	190	0	0	0	0	27393.3	493
176	181	0	0	0	0	28665.4	494
196	185	0	0	0	0	27850.5	495
178	195	0	0	0	0	32742.5	496
189	193	0	0	0	0	29984.6	497
201	208	0	0	0	0	26213.4	498
159	178	0	0	0	0	36420.4	499
164	164	0	0	0	0	23416.6	500
191	187	0	0	0	0	21466.6	501
172	198	0	0	0	0	34246.9	502
158	189	0	0	0	0	22708.2	503
157	215	0	0	0	0	22105.6	504
215	191	0	0	0	0	29512.1	505
167	168	0	0	0	0	23762.4	506
171	175	0	0	0	0	24764.2	507
194	189	0	0	0	0	37084.8	508
209	187	0	0	0	0	30315.5	509
171	199	0	0	0	0	35013.9	510
196	185	0	0	0	0	35138.5	511
191	175	0	0	0	0	21737.6	512
180	186	0	0	0	0	37884.5	513
193	171	0	0	0	0	27829.9	514
181	171	0	0	0	0	26492.0	515
210	198	0	0	0	0	21058.4	516
178	202	0	0	0	0	37473.0	517
191	183	0	0	0	0	37232.3	518
182	190	0	0	0	0	27468.8	519
189	169	0	0	0	0	26555.8	520
195	186	0	0	0	0	31587.7	521
177	179	0	0	0	0	21494.9	522
189	178	0	0	0	0	34242.1	523
186	198	0	0	0	0	35242.9	524
186	191	0	0	0	0	31341.3	525
173	190	0	0	0	0	23964.6	526
188	179	0	0	0	0	36681.0	527
222	170	0	0	0	0	28390.0	528
168	215	0	0	0	0	27145.7	529
203	196	0	0	0	0	32441.7	530
167	206	0	0	0	0	24448.3	531
186	200	0	0	0	0	27901.2	532
178	212	0	0	0	0	22930.3	533
191	185	0	0	0	0	24211.5	534
196	191	0	0	0	0	32694.3	535
206	186	0	0	0	0	29691.9	536
181	169	0	0	0	0	27338.3	537
201	189	0	0	0	0	23575.6	538
178	159	0	0	0	0	33632.6	539
191	171	0	0	0	0	31899.7	540
165	185	0	0	0	0	37788.0	541
167	181	0	0	0	0	29562.7	542
202	181	0	0	0	0	22203.7	543
195	195	0	0	0	0	27029.4	544
161	173	0	0	0	0	20741.4	545
185	190	0	0	0	0	34981.1	546
177	190	0	0	0	0	38401.6	547
200	201	0	0	0	0	27333.7	548
208	193	0	0	0	0	28301.8	549
178	188	0	0	0	0	26810.8	550
196	204	0	0	0	0	23850.2	551
170	214	0	0	0	0	31677.3	552
193	214	0	0	0	0	33953.3	553
212	204	0	0	0	0	23550.7	554
222	187	0	0	0	0	30164.8	555
198	192	0	0	0	0	32301.6	556
169	197	0	0	0	0	23839.6	557
180	182	0	0	0	0	27567.8	558
191	173	0	0	0	0	27561.5	559
182	187	0	0	0	0	29050.3	560
188	219	0	0	0	0	34457.7	561
187	184	0	0	0	0	28946.5	562
176	186	0	0	0	0	24883.0	563
202	160	0	0	0	0	36662.0	564
207	183	0	0	0	0	39265.5	565
190	189	0	0	0	0	35936.3	566
169	186	0	0	0	0	27561.7	567
204	186	0	0	0	0	21318.5	568
170	203	0	0	0	0	20574.4	569
193	195	0	0	0	0	30528.3	570
171	216	0	0	0	0	28568.0	571
170	203	0	0	0	0	29511.8	572
180	227	0	0	0	0	31434.9	573
191	189	0	0	0	0	28085.7	574
187	188	0	0	0	0	28179.1	575
208	194	0	0	0	0	27421.8	576
153	196	0	0	0	0	20475.0	577
197	171	0	0	0	0	24420.6	578
176	199	0	0	0	0	27458.7	579
193	206	0	0	0	0	29054.1	580
202	195	0	0	0	0	39055.6	581
197	216	0	0	0	0	25010.3	582
222	198	0	0	0	0	21762.7	583
209	205	0	0	0	0	23990.2	584
186	190	0	0	0	0	20031.8	585
209	193	0	0	0	0	20194.7	586
182	189	0	0	0	0	32125.4	587
211	206	0	0	0	0	36360.5	588
179	186	0	0	0	0	37100.4	589
161	220	0	0	0	0	31995.4	590
201	182	0	0	0	0	22116.5	591
224	202	0	0	0	0	31139.6	592
187	184	0	0	0	0	21631.2	593
200	164	0	0	0	0	25158.6	594
189	193	0	0	0	0	35123.8	595
204	197	0	0	0	0	20013.6	596
199	217	0	0	0	0	37764.3	597
186	186	0	0	0	0	25427.0	598
188	196	0	0	0	0	27258.2	599
184	196	0	0	0	0	24616.4	600
202	204	0	0	0	0	28009.5	601
205	186	0	0	0	0	30826.6	602
191	188	0	0	0	0	33326.3	603
190	199	0	0	0	0	25821.6	604
195	224	0	0	0	0	36555.8	605
187	210	0	0	0	0	24371.3	606
198	170	0	0	0	0	28765.5	607
211	186	0	0	0	0	34533.1	608
190	186	0	0	0	0	37449.1	609
209	218	0	0	0	0	24888.3	610
193	193	0	0	0	0	28577.8	611
218	182	0	0	0	0	22700.7	612
200	193	0	0	0	0	32277.9	613
179	195	0	0	0	0	31614.0	614
163	185	0	0	0	0	34956.7	615
204	210	0	0	0	0	22750.5	616
168	218	0	0	0	0	37073.1	617
204	211	0	0	0	0	33684.6	618
180	190	0	0	0	0	36024.6	619
212	183	0	0	0	0	23556.8	620
206	187	0	0	0	0	37467.2	621
190	196	0	0	0	0	26499.6	622
194	205	0	0	0	0	39877.3	623
178	200	0	0	0	0	20360.3	624
201	204	0	0	0	0	32925.3	625
183	213	0	0	0	0	37835.5	626
201	196	0	0	0	0	27643.8	627
219	205	0	0	0	0	29809.9	628
217	210	0	0	0	0	26559.0	629
178	194	0	0	0	0	25968.7	630
208	206	0	0	0	0	28583.4	631
219	179	0	0	0	0	35018.5	632
203	208	0	0	0	0	31356.1	633
197	188	0	0	0	0	20969.4	634
191	187	0	0	0	0	25485.4	635
200	190	0	0	0	0	28157.0	636
196	184	0	0	0	0	26686.7	637
190	216	0	0	0	0	24315.9	638
202	194	0	0	0	0	21628.3	639
187	189	0	0	0	0	29039.9	640
196	196	0	0	0	0	35622.7	641
195	205	0	0	0	0	26581.3	642
205	225	0	0	0	0	34615.7	643
224	216	0	0	0	0	20656.7	644
214	181	0	0	0	0	34182.4	645
198	190	0	0	0	0	31198.6	646
205	206	0	0	0	0	31337.6	647
209	204	0	0	0	0	23750.8	648
208	188	0	0	0	0	27655.6	649
195	217	0	0	0	0	20916.4	650
198	188	0	0	0	0	28336.8	651
211	193	0	0	0	0	33065.5	652
193	217	0	0	0	0	33890.4	653
217	221	0	0	0	0	28605.5	654
205	186	0	0	0	0	21574.6	655
207	206	0	0	0	0	20253.7	656
214	211	0	0	0	0	33181.0	657
196	210	0	0	0	0	23176.5	658
195	196	0	0	0	0	22457.4	659
212	179	0	0	0	0	32562.5	660
190	213	0	0	0	0	36220.6	661
180	187	0	0	0	0	33746.2	662
199	175	0	0	0	0	35262.8	663
193	191	0	0	0	0	21582.9	664
200	218	0	0	0	0	20101.8	665
194	208	0	0	0	0	34193.1	666
212	192	0	0	0	0	31963.7	667
186	195	0	0	0	0	38701.4	668
182	198	0	0	0	0	28369.1	669
176	177	0	0	0	0	30262.5	670
168	223	0	0	0	0	32294.0	671
215	203	0	0	0	0	26041.0	672
198	188	0	0	0	0	28050.4	673
227	203	0	0	0	0	23504.2	674
207	208	0	0	0	0	36712.9	675
207	191	0	0	0	0	20060.0	676
217	217	0	0	0	0	39435.8	677
184	240	0	0	0	0	37964.4	678
184	214	0	0	0	0	37056.4	679
240	208	0	0	0	0	30450.2	680
207	194	0	0	0	0	23216.1	681
185	209	0	0	0	0	31741.3	682
192	170	0	0	0	0	22682.4	683
190	175	0	0	0	0	34795.6	684
185	192	0	0	0	0	28007.4	685
181	216	0	0	0	0	25406.3	686
191	206	0	0	0	0	31575.2	687
213	192	0	0	0	0	35976.5	688
176	205	0	0	0	0	30079.0	689
174	214	0	0	0	0	36051.5	690
191	218	0	0	0	0	32947.8	691
194	186	0	0	0	0	29267.0	692
222	198	0	0	0	0	26615.2	693
202	209	0	0	0	0	25013.3	694
207	212	0	0	0	0	34845.8	695
193	181	0	0	0	0	30100.4	696
213	210	0	0	0	0	31812.5	697
188	199	0	0	0	0	23631.9	698
171	203	0	0	0	0	23154.0	699
206	195	0	0	0	0	38774.7	700
226	176	0	0	0	0	33119.9	701
236	189	0	0	0	0	28345.9	702
180	186	0	0	0	0	20443.2	703
197	203	0	0	0	0	32866.3	704
191	212	0	0	0	0	30724.7	705
186	204	0	0	0	0	27400.2	706
213	212	0	0	0	0	30320.7	707
197	207	0	0	0	0	24512.2	708
194	210	0	0	0	0	28995.4	709
200	208	0	0	0	0	34363.5	710
189	205	0	0	0	0	31373.5	711
193	200	0	0	0	0	31077.0	712
206	199	0	0	0	0	21220.0	713
211	211	0	0	0	0	32650.2	714
189	189	0	0	0	0	33463.3	715
216	206	0	0	0	0	35776.5	716
213	214	0	0	0	0	25503.4	717
224	198	0	0	0	0	39935.5	718
204	194	0	0	0	0	39598.4	719
198	184	0	0	0	0	27922.3	720
200	199	0	0	0	0	27344.5	721
189	199	0	0	0	0	36445.8	722
211	201	0	0	0	0	25002.3	723
221	192	0	0	0	0	20084.6	724
210	175	0	0	0	0	25575.3	725
218	209	0	0	0	0	36757.9	726
177	209	0	0	0	0	33730.6	727
193	200	0	0	0	0	28321.6	728
216	230	0	0	0	0	24892.0	729
201	189	0	0	0	0	20691.6	730
221	200	0	0	0	0	21939.7	731
210	187	0	0	0	0	27974.8	732
207	208	0	0	0	0	32326.5	733
223	205	0	0	0	0	31881.3	734
206	230	0	0	0	0	25736.0	735
216	219	0	0	0	0	23831.7	736
211	195	0	0	0	0	25322.0	737
193	223	0	0	0	0	30488.9	738
206	224	0	0	0	0	26077.3	739
214	214	0	0	0	0	34978.5	740
191	201	0	0	0	0	32924.7	741
198	190	0	0	0	0	29027.0	742
221	219	0	0	0	0	26247.0	743
218	219	0	0	0	0	39759.2	744
223	182	0	0	0	0	21939.8	745
235	227	0	0	0	0	31718.1	746
211	204	0	0	0	0	25627.6	747
219	183	0	0	0	0	36760.4	748
206	212	0	0	0	0	38970.2	749
185	190	0	0	0	0	24828.3	750
233	199	0	0	0	0	34962.8	751
235	203	0	0	0	0	30515.3	752
205	199	0	0	0	0	29754.3	753
219	185	0	0	0	0	31363.7	754
232	190	0	0	0	0	35278.8	755
214	202	0	0	0	0	21877.6	756
205	237	0	0	0	0	36206.2	757
205	209	0	0	0	0	28983.7	758
186	216	0	0	0	0	20058.6	759
205	207	0	0	0	0	27049.4	760
211	226	0	0	0	0	29949.0	761
196	223	0	0	0	0	39891.8	762
226	231	0	0	0	0	24382.5	763
192	195	0	0	0	0	24976.4	764
207	194	0	0	0	0	26411.2	765
167	193	0	0	0	0	26100.6	766
230	198	0	0	0	0	25549.2	767
192	220	0	0	0	0	32811.9	768
213	229	0	0	0	0	34917.0	769
222	226	0	0	0	0	39612.6	770
220	215	0	0	0	0	35999.9	771
234	188	0	0	0	0	29943.5	772
196	215	0	0	0	0	28656.1	773
219	217	0	0	0	0	22294.7	774
212	221	0	0	0	0	33121.2	775
217	195	0	0	0	0	35668.9	776
209	222	0	0	0	0	27504.0	777
209	223	0	0	0	0	38384.5	778
233	206	0	0	0	0	20327.9	779
234	229	0	0	0	0	21209.9	780
176	202	0	0	0	0	33508.7	781
219	227	0	0	0	0	25352.8	782
205	203	0	0	0	0	38943.8	783
185	232	0	0	0	0	23886.6	784
220	200	0	0	0	0	25792.0	785
252	222	0	0	0	0	39765.2	786
234	232	0	0	0	0	31374.7	787
220	215	0	0	0	0	23565.0	788
224	214	0	0	0	0	33363.7	789
231	203	0	0	0	0	22465.6	790
207	193	0	0	0	0	32791.4	791
208	206	0	0	0	0	25616.8	792
203	220	0	0	0	0	35521.0	793
217	233	0	0	0	0	28134.5	794
241	189	0	0	0	0	23346.1	795
197	206	0	0	0	0	31954.2	796
216	220	0	0	0	0	38247.4	797
238	206	0	0	0	0	27923.1	798
212	222	0	0	0	0	22591.6	799
189	193	0	0	0	0	32180.9	800
209	223	0	0	0	0	21239.1	801
219	198	0	0	0	0	35937.1	802
222	213	0	0	0	0	29445.5	803
222	187	0	0	0	0	29550.1	804
207	219	0	0	0	0	24774.2	805
209	213	0	0	0	0	30410.0	806
230	218	0	0	0	0	37199.3	807
224	190	0	0	0	0	21346.4	808
207	202	0	0	0	0	39986.2	809
206	203	0	0	0	0	28036.2	810
213	215	0	0	0	0	21126.3	811
187	192	0	0	0	0	22073.6	812
216	218	0	0	0	0	26604.8	813
211	223	0	0	0	0	34676.7	814
225	189	0	0	0	0	31794.9	815
208	217	0	0	0	0	26412.1	816
230	207	0	0	0	0	36684.1	817
213	231	0	0	0	0	31958.0	818
230	224	0	0	0	0	36061.6	819
240	211	0	0	0	0	23857.0	820
235	233	0	0	0	0	25420.2	821
229	215	0	0	0	0	21406.5	822
180	237	0	0	0	0	21870.5	823
249	211	0	0	0	0	30721.2	824
225	196	0	0	0	0	20995.4	825
237	251	0	0	0	0	29053.9	826
218	219	0	0	0	0	31648.5	827
222	216	0	0	0	0	22463.8	828
217	210	0	0	0	0	28943.3	829
223	200	0	0	0	0	27479.0	830
209	232	0	0	0	0	27501.7	831
195	214	0	0	0	0	31487.9	832
205	241	0	0	0	0	26900.4	833
190	234	0	0	0	0	30647.3	834
247	232	0	0	0	0	31443.9	835
208	188	0	0	0	0	24681.1	836
207	223	0	0	0	0	20507.8	837
227	223	0	0	0	0	34762.2	838
236	245	0	0	0	0	20240.8	839
234	212	0	0	0	0	28225.6	840
236	215	0	0	0	0	25808.3	841
237	189	0	0	0	0	31503.0	842
217	233	0	0	0	0	31126.2	843
191	229	0	0	0	0	21884.8	844
192	236	0	0	0	0	20135.5	845
234	241	0	0	0	0	27136.8	846
205	203	0	0	0	0	34082.3	847
210	205	0	0	0	0	20659.0	848
229	226	0	0	0	0	34327.8	849
219	221	0	0	0	0	39651.2	850
223	237	0	0	0	0	23159.2	851
249	192	0	0	0	0	24655.7	852
220	217	0	0	0	0	29770.0	853
197	204	0	0	0	0	23475.4	854
206	208	0	0	0	0	25450.6	855
222	211	0	0	0	0	22528.4	856
233	226	0	0	0	0	25267.6	857
188	222	0	0	0	0	35949.8	858
195	225	0	0	0	0	35994.0	859
217	233	0	0	0	0	22868.3	860
208	212	0	0	0	0	20034.0	861
225	214	0	0	0	0	34066.0	862
240	239	0	0	0	0	37613.0	863
235	233	0	0	0	0	22144.0	864
216	222	0	0	0	0	24099.9	865
235	207	0	0	0	0	37580.5	866
191	219	0	0	0	0	34905.8	867
231	249	0	0	0	0	34945.7	868
208	236	0	0	0	0	36706.9	869
224	233	0	0	0	0	27488.3	870
220	228	0	0	0	0	22189.7	871
212	205	0	0	0	0	31310.1	872
238	198	0	0	0	0	22846.0	873
224	212	0	0	0	0	35795.7	874
211	207	0	0	0	0	27059.9	875
242	238	0	0	0	0	35851.4	876
231	250	0	0	0	0	28930.4	877
227	252	0	0	0	0	28596.8	878
248	224	0	0	0	0	28171.0	879
199	191	0	0	0	0	22856.0	880
239	242	0	0	0	0	20329.3	881
223	213	0	0	0	0	32844.2	882
206	226	0	0	0	0	25075.6	883
238	237	0	0	0	0	26821.9	884
212	213	0	0	0	0	25376.5	885
230	204	0	0	0	0	37987.2	886
240	233	0	0	0	0	33395.4	887
236	207	0	0	0	0	35281.1	888
214	215	0	0	0	0	32033.7	889
218	237	0	0	0	0	26473.1	890
230	218	0	0	0	0	35348.4	891
214	219	0	0	0	0	38319.4	892
226	253	0	0	0	0	39908.2	893
214	227	0	0	0	0	28493.3	894
252	229	0	0	0	0	23815.0	895
270	219	0	0	0	0	30200.7	896
210	224	0	0	0	0	26983.9	897
242	218	0	0	0	0	23605.7	898
217	233	0	0	0	0	33065.4	899
233	238	0	0	0	0	35331.4	900
224	227	0	0	0	0	26706.9	901
252	220	0	0	0	0	39989.2	902
222	205	0	0	0	0	38685.8	903
222	215	0	0	0	0	33343.7	904
230	215	0	0	0	0	31863.6	905
215	220	0	0	0	0	27158.2	906
208	207	0	0	0	0	23916.8	907
231	242	0	0	0	0	37247.6	908
210	243	0	0	0	0	30807.6	909
237	221	0	0	0	0	36974.9	910
221	238	0	0	0	0	27739.6	911
224	218	0	0	0	0	36112.5	912
234	196	0	0	0	0	22410.5	913
270	213	0	0	0	0	39711.9	914
194	245	0	0	0	0	39367.9	915
230	209	0	0	0	0	26311.0	916
243	208	0	0	0	0	37182.9	917
199	237	0	0	0	0	39727.5	918
217	251	0	0	0	0	24955.9	919
213	203	0	0	0	0	33363.8	920
251	212	0	0	0	0	33504.4	921
251	245	0	0	0	0	32948.1	922
255	225	0	0	0	0	34317.5	923
222	239	0	0	0	0	28933.3	924
231	219	0	0	0	0	20158.3	925
231	215	0	0	0	0	31277.2	926
218	239	0	0	0	0	22560.5	927
232	229	0	0	0	0	21572.2	928
222	205	0	0	0	0	32756.0	929
231	221	0	0	0	0	20068.6	930
200	222	0	0	0	0	20351.4	931
222	215	0	0	0	0	38723.0	932
232	212	0	0	0	0	35503.9	933
232	234	0	0	0	0	26580.4	934
226	223	0	0	0	0	21995.9	935
246	202	0	0	0	0	38672.1	936
223	222	0	0	0	0	28425.3	937
240	251	0	0	0	0	36241.5	938
209	205	0	0	0	0	26633.4	939
232	234	0	0	0	0	35002.5	940
220	250	0	0	0	0	38426.5	941
218	233	0	0	0	0	23746.9	942
225	208	0	0	0	0	22107.0	943
248	237	0	0	0	0	27221.0	944
220	219	0	0	0	0	26479.9	945
236	223	0	0	0	0	20305.5	946
214	240	0	0	0	0	27671.2	947
242	263	0	0	0	0	29041.3	948
261	243	0	0	0	0	20239.3	949
236	216	0	0	0	0	25418.8	950
253	235	0	0	0	0	32622.7	951
228	229	0	0	0	0	27195.6	952
230	226	0	0	0	0	21721.5	953
223	227	0	0	0	0	30165.3	954
232	230	0	0	0	0	35439.1	955
216	245	0	0	0	0	38041.7	956
230	231	0	0	0	0	29060.0	957
237	232	0	0	0	0	23857.7	958
206	252	0	0	0	0	23503.9	959
250	230	0	0	0	0	35955.9	960
222	219	0	0	0	0	29721.8	961
209	218	0	0	0	0	25311.6	962
226	220	0	0	0	0	26380.5	963
232	251	0	0	0	0	26522.9	964
263	232	0	0	0	0	32013.5	965
212	224	0	0	0	0	39539.9	966
258	240	0	0	0	0	20807.1	967
220	227	0	0	0	0	34487.3	968
230	218	0	0	0	0	35924.0	969
238	242	0	0	0	0	26467.6	970
252	228	0	0	0	0	34321.0	971
232	234	0	0	0	0	34968.8	972
222	245	0	0	0	0	25971.5	973
231	214	0	0	0	0	28930.4	974
258	230	0	0	0	0	20142.1	975
228	228	0	0	0	0	31820.8	976
254	226	0	0	0	0	32134.0	977
229	234	0	0	0	0	33178.1	978
224	226	0	0	0	0	24301.1	979
251	243	0	0	0	0	24522.8	980
246	228	0	0	0	0	30787.1	981
259	249	0	0	0	0	20906.3	982
220	245	0	0	0	0	25993.5	983
233	244	0	0	0	0	38578.7	984
224	225	0	0	0	0	39938.1	985
240	245	0	0	0	0	34233.5	986
224	223	0	0	0	0	21383.1	987
255	252	0	0	0	0	21614.0	988
235	228	0	0	0	0	27254.2	989
242	242	0	0	0	0	26201.0	990
239	240	0	0	0	0	33453.9	991
239	246	0	0	0	0	27064.7	992
268	231	0	0	0	0	35666.1	993
249	249	0	0	0	0	21645.9	994
234	235	0	0	0	0	32047.2	995
275	229	0	0	0	0	35047.8	996
206	239	0	0	0	0	33898.2	997
208	218	0	0	0	0	20207.4	998
275	247	0	0	0	0	29498.8	999
227	239	0	0	0	0	38368.5	1000
246	248	0	0	0	0	22886.0	1001
226	214	0	0	0	0	24302.6	1002
246	230	0	0	0	0	22951.3	1003
233	240	0	0	0	0	31054.5	1004
227	269	0	0	0	0	26526.9	1005
247	240	0	0	0	0	25290.2	1006
235	243	0	0	0	0	22245.4	1007
234	220	0	0	0	0	32115.7	1008
221	232	0	0	0	0	31595.8	1009
262	224	0	0	0	0	25916.0	1010
260	211	0	0	0	0	31444.4	1011
263	240	0	0	0	0	25452.7	1012
201	276	0	0	0	0	25164.7	1013
228	225	0	0	0	0	39966.0	1014
224	246	0	0	0	0	35826.7	1015
236	253	0	0	0	0	39066.7	1016
204	233	0	0	0	0	25111.6	1017
198	219	0	0	0	0	26548.4	1018
225	206	0	0	0	0	22378.6	1019
252	225	0	0	0	0	21086.8	1020
249	235	0	0	0	0	35400.9	1021
224	210	0	0	0	0	22452.6	1022
244	241	0	0	0	0	36205.4	1023
213	215	0	0	0	0	35606.6	1024
262	237	0	0	0	0	20165.1	1025
241	252	0	0	0	0	35267.3	1026
258	207	0	0	0	0	24302.1	1027
232	223	0	0	0	0	29855.7	1028
229	256	0	0	0	0	38636.4	1029
251	263	0	0	0	0	38702.3	1030
259	224	0	0	0	0	33700.9	1031
242	263	0	0	0	0	21605.6	1032
225	234	0	0	0	0	28318.2	1033
215	222	0	0	0	0	29234.8	1034
240	237	0	0	0	0	30960.9	1035
229	251	0	0	0	0	39368.5	1036
250	244	0	0	0	0	29427.6	1037
205	230	0	0	0	0	27357.9	1038
226	231	0	0	0	0	34042.1	1039
229	248	0	0	0	0	20088.5	1040
215	265	0	0	0	0	38913.4	1041
232	239	0	0	0	0	31151.6	1042
232	215	0	0	0	0	35969.6	1043
217	232	0	0	0	0	21444.3	1044
233	222	0	0	0	0	34259.0	1045
229	226	0	0	0	0	22400.4	1046
227	212	0	0	0	0	26267.7	1047
212	258	0	0	0	0	23645.7	1048
235	213	0	0	0	0	23319.3	1049
221	208	0	0	0	0	20297.8	1050
219	246	0	0	0	0	30906.6	1051
253	230	0	0	0	0	27232.9	1052
225	227	0	0	0	0	25626.3	1053
204	234	0	0	0	0	23040.3	1054
212	231	0	0	0	0	24552.0	1055
244	251	0	0	0	0	21203.0	1056
230	238	0	0	0	0	24821.5	1057
222	253	0	0	0	0	29649.7	1058
237	229	0	0	0	0	37477.1	1059
223	231	0	0	0	0	32533.4	1060
232	217	0	0	0	0	24347.4	1061
258	233	0	0	0	0	37197.7	1062
220	237	0	0	0	0	32910.9	1063
265	232	0	0	0	0	20234.8	1064
204	226	0	0	0	0	34135.7	1065
234	240	0	0	0	0	27252.9	1066
246	226	0	0	0	0	33457.2	1067
240	235	0	0	0	0	22475.0	1068
221	220	0	0	0	0	37218.4	1069
233	236	0	0	0	0	37577.3	1070
244	238	0	0	0	0	23845.9	1071
242	220	0	0	0	0	26477.5	1072
235	207	0	0	0	0	34843.4	1073
229	225	0	0	0	0	22840.1	1074
226	223	0	0	0	0	26081.2	1075
234	217	0	0	0	0	35982.7	1076
234	232	0	0	0	0	39601.7	1077
238	235	0	0	0	0	35076.5	1078
214	233	0	0	0	0	38021.3	1079
219	264	0	0	0	0	27876.1	1080
218	228	0	0	0	0	22014.5	1081
222	206	0	0	0	0	20825.6	1082
239	227	0	0	0	0	25522.4	1083
223	222	0	0	0	0	38839.8	1084
238	218	0	0	0	0	38502.2	1085
213	247	0	0	0	0	23938.0	1086
208	227	0	0	0	0	33836.4	1087
247	237	0	0	0	0	24004.3	1088
240	232	0	0	0	0	30409.4	1089
205	226	0	0	0	0	35501.7	1090
238	235	0	0	0	0	26974.4	1091
235	205	0	0	0	0	38899.7	1092
209	242	0	0	0	0	20215.9	1093
219	206	0	0	0	0	31317.6	1094
260	228	0	0	0	0	24776.4	1095
268	232	0	0	0	0	29494.6	1096
233	212	0	0	0	0	39893.5	1097
237	228	0	0	0	0	33205.0	1098
232	203	0	0	0	0	23155.4	1099
226	244	0	0	0	0	31660.2	1100
225	215	0	0	0	0	24342.4	1101
219	214	0	0	0	0	34289.9	1102
222	249	0	0	0	0	35151.8	1103
196	226	0	0	0	0	22093.8	1104
202	207	0	0	0	0	20677.0	1105
236	223	0	0	0	0	24983.8	1106
217	215	0	0	0	0	27442.2	1107
198	208	0	0	0	0	38708.8	1108
232	223	0	0	0	0	23470.9	1109
229	243	0	0	0	0	36108.1	1110
236	235	0	0	0	0	28772.0	1111
250	218	0	0	0	0	33810.4	1112
219	238	0	0	0	0	31435.0	1113
207	218	0	0	0	0	37737.2	1114
218	222	0	0	0	0	35365.6	1115
217	241	0	0	0	0	23227.2	1116
228	253	0	0	0	0	32676.6	1117
247	241	0	0	0	0	29511.7	1118
224	211	0	0	0	0	33225.1	1119
227	208	0	0	0	0	33921.8	1120
233	215	0	0	0	0	21494.5	1121
238	249	0	0	0	0	34265.5	1122
239	223	0	0	0	0	27765.4	1123
196	235	0	0	0	0	23419.3	1124
209	204	0	0	0	0	31573.6	1125
214	236	0	0	0	0	34384.3	1126
224	215	0	0	0	0	23014.8	1127
217	227	0	0	0	0	33753.0	1128
244	210	0	0	0	0	32740.3	1129
210	229	0	0	0	0	34027.8	1130
230	191	0	0	0	0	37275.9	1131
212	256	0	0	0	0	27690.6	1132
247	204	0	0	0	0	31997.1	1133
205	227	0	0	0	0	26710.0	1134
214	223	0	0	0	0	22221.3	1135
240	227	0	0	0	0	20678.1	1136
236	199	0	0	0	0	29881.1	1137
209	235	0	0	0	0	23981.0	1138
226	225	0	0	0	0	20020.9	1139
220	214	0	0	0	0	25373.0	1140
231	245	0	0	0	0	29089.9	1141
244	243	0	0	0	0	22148.2	1142
229	215	0	0	0	0	24655.7	1143
231	216	0	0	0	0	32972.3	1144
230	237	0	0	0	0	22641.7	1145
231	215	0	0	0	0	35520.6	1146
220	219	0	0	0	0	38155.8	1147
206	247	0	0	0	0	33737.5	1148
234	226	0	0	0	0	28612.8	1149
205	217	0	0	0	0	20808.3	1150
217	232	0	0	0	0	34598.0	1151
213	202	0	0	0	0	28257.3	1152
205	211	0	0	0	0	37445.5	1153
212	226	0	0	0	0	29061.2	1154
230	196	0	0	0	0	36595.7	1155
221	252	0	0	0	0	39454.4	1156
245	204	0	0	0	0	33273.1	1157
214	244	0	0	0	0	37950.0	1158
215	236	0	0	0	0	20235.5	1159
229	201	0	0	0	0	26715.9	1160
217	210	0	0	0	0	26098.7	1161
231	221	0	0	0	0	36961.8	1162
224	221	0	0	0	0	30959.7	1163
220	245	0	0	0	0	21259.0	1164
202	209	0	0	0	0	30826.7	1165
211	213	0	0	0	0	32255.0	1166
204	213	0	0	0	0	26010.9	1167
231	218	0	0	0	0	35858.4	1168
202	219	0	0	0	0	28643.5	1169
224	208	0	0	0	0	34946.1	1170
200	197	0	0	0	0	31955.3	1171
219	243	0	0	0	0	27313.8	1172
216	204	0	0	0	0	31110.6	1173
214	215	0	0	0	0	20722.0	1174
219	224	0	0	0	0	29234.7	1175
255	215	0	0	0	0	28517.4	1176
253	211	0	0	0	0	37590.2	1177
221	215	0	0	0	0	38372.0	1178
243	203	0	0	0	0	37736.6	1179
208	200	0	0	0	0	22880.8	1180
203	205	0	0	0	0	31079.8	1181
202	215	0	0	0	0	34781.7	1182
217	197	0	0	0	0	38943.9	1183
226	207	0	0	0	0	27175.3	1184
229	220	0	0	0	0	26049.8	1185
231	229	0	0	0	0	32508.8	1186
197	212	0	0	0	0	21882.6	1187
239	217	0	0	0	0	27818.7	1188
211	246	0	0	0	0	37997.5	1189
219	226	0	0	0	0	39523.1	1190
212	215	0	0	0	0	31560.8	1191
224	200	0	0	0	0	38187.2	1192
223	202	0	0	0	0	35606.3	1193
209	222	0	0	0	0	23743.5	1194
231	237	0	0	0	0	26073.4	1195
223	236	0	0	0	0	30351.9	1196
222	232	0	0	0	0	20832.5	1197
215	195	0	0	0	0	32178.1	1198
218	209	0	0	0	0	24722.2	1199
196	204	0	0	0	0	22675.7	1200
196	211	0	0	0	0	30802.6	1201
218	213	0	0	0	0	31648.8	1202
202	199	0	0	0	0	20931.4	1203
222	186	0	0	0	0	34662.0	1204
220	207	0	0	0	0	22615.7	1205
207	214	0	0	0	0	24762.7	1206
226	242	0	0	0	0	27174.0	1207
219	195	0	0	0	0	20072.4	1208
220	222	0	0	0	0	36683.3	1209
211	211	0	0	0	0	37884.8	1210
219	207	0	0	0	0	27492.6	1211
218	190	0	0	0	0	36593.6	1212
243	217	0	0	0	0	31134.5	1213
203	189	0	0	0	0	32432.7	1214
188	199	0	0	0	0	34329.1	1215
211	194	0	0	0	0	29358.9	1216
234	208	0	0	0	0	21674.1	1217
208	230	0	0	0	0	26170.5	1218
239	191	0	0	0	0	21746.8	1219
197	224	0	0	0	0	23809.5	1220
205	216	0	0	0	0	38714.6	1221
227	187	0	0	0	0	27087.7	1222
221	211	0	0	0	0	34250.6	1223
213	192	0	0	0	0	26860.4	1224
200	207	0	0	0	0	28012.4	1225
207	215	0	0	0	0	25350.1	1226
197	186	0	0	0	0	35273.8	1227
211	184	0	0	0	0	30210.7	1228
221	232	0	0	0	0	26216.0	1229
205	205	0	0	0	0	37614.8	1230
203	218	0	0	0	0	35083.3	1231
189	219	0	0	0	0	21930.0	1232
219	231	0	0	0	0	23417.3	1233
190	232	0	0	0	0	23261.7	1234
218	210	0	0	0	0	30027.3	1235
224	215	0	0	0	0	22718.8	1236
204	230	0	0	0	0	31902.3	1237
236	190	0	0	0	0	31661.2	1238
207	234	0	0	0	0	36627.6	1239
203	209	0	0	0	0	36058.0	1240
220	200	0	0	0	0	24284.7	1241
185	193	0	0	0	0	22449.2	1242
202	221	0	0	0	0	28245.8	1243
238	215	0	0	0	0	23988.8	1244
190	220	0	0	0	0	38682.0	1245
207	201	0	0	0	0	26581.7	1246
215	234	0	0	0	0	27035.8	1247
222	218	0	0	0	0	20534.2	1248
200	201	0	0	0	0	26710.5	1249
207	178	0	0	0	0	22118.6	1250
217	238	0	0	0	0	39323.8	1251
206	225	0	0	0	0	27045.5	1252
208	219	0	0	0	0	26090.6	1253
211	222	0	0	0	0	39696.4	1254
179	224	0	0	0	0	37547.9	1255
212	228	0	0	0	0	35444.5	1256
221	215	0	0	0	0	26823.4	1257
200	210	0	0	0	0	26060.4	1258
195	215	0	0	0	0	30553.9	1259
240	200	0	0	0	0	36467.8	1260
207	186	0	0	0	0	38300.1	1261
231	202	0	0	0	0	31084.0	1262
180	219	0	0	0	0	20497.7	1263
224	206	0	0	0	0	34680.9	1264
222	218	0	0	0	0	24884.5	1265
197	204	0	0	0	0	32164.9	1266
203	218	0	0	0	0	31919.2	1267
226	165	0	0	0	0	27050.0	1268
199	185	0	0	0	0	27835.2	1269
195	217	0	0	0	0	29463.1	1270
203	230	0	0	0	0	34193.6	1271
204	171	0	0	0	0	35239.7	1272
188	211	0	0	0	0	28871.7	1273
199	209	0	0	0	0	32412.1	1274
223	204	0	0	0	0	25117.4	1275
210	205	0	0	0	0	30396.8	1276
185	194	0	0	0	0	20773.9	1277
215	216	0	0	0	0	27913.5	1278
195	231	0	0	0	0	29065.2	1279
227	215	0	0	0	0	35540.9	1280
213	194	0	0	0	0	36540.9	1281
198	211	0	0	0	0	26596.9	1282
201	194	0	0	0	0	25749.6	1283
197	224	0	0	0	0	38037.3	1284
200	206	0	0	0	0	36187.4	1285
204	209	0	0	0	0	31399.0	1286
196	201	0	0	0	0	36397.1	1287
218	188	0	0	0	0	20063.4	1288
210	223	0	0	0	0	27303.3	1289
203	206	0	0	0	0	20807.9	1290
206	207	0	0	0	0	33341.0	1291
184	236	0	0	0	0	23176.8	1292
205	186	0	0	0	0	24540.1	1293
207	194	0	0	0	0	39255.9	1294
189	192	0	0	0	0	21825.8	1295
218	226	0	0	0	0	31447.7	1296
200	212	0	0	0	0	25606.6	1297
198	217	0	0	0	0	23665.4	1298
191	218	0	0	0	0	21855.7	1299
215	215	0	0	0	0	37482.2	1300
212	200	0	0	0	0	31237.9	1301
197	199	0	0	0	0	38808.8	1302
207	200	0	0	0	0	37115.2	1303
197	209	0	0	0	0	22962.2	1304
211	201	0	0	0	0	22641.8	1305
235	194	0	0	0	0	24376.6	1306
246	207	0	0	0	0	35789.9	1307
201	189	0	0	0	0	27630.0	1308
189	190	0	0	0	0	20943.6	1309
182	208	0	0	0	0	26950.0	1310
194	203	0	0	0	0	20577.5	1311
203	210	0	0	0	0	33898.6	1312
176	228	0	0	0	0	35789.0	1313
223	217	0	0	0	0	21190.4	1314
203	205	0	0	0	0	38265.5	1315
201	217	0	0	0	0	23419.6	1316
199	214	0	0	0	0	37056.8	1317
181	213	0	0	0	0	30411.7	1318
229	203	0	0	0	0	22902.8	1319
218	200	0	0	0	0	39957.9	1320
186	211	0	0	0	0	23009.1	1321
209	191	0	0	0	0	31850.3	1322
207	204	0	0	0	0	24053.7	1323
208	192	0	0	0	0	38364.9	1324
162	207	0	0	0	0	26011.6	1325
192	191	0	0	0	0	38412.0	1326
214	195	0	0	0	0	36695.9	1327
180	198	0	0	0	0	33537.4	1328
212	166	0	0	0	0	31350.7	1329
225	188	0	0	0	0	34255.4	1330
192	213	0	0	0	0	35402.3	1331
182	192	0	0	0	0	36289.6	1332
215	189	0	0	0	0	21455.3	1333
205	231	0	0	0	0	22519.1	1334
185	195	0	0	0	0	35381.3	1335
199	170	0	0	0	0	25317.4	1336
190	195	0	0	0	0	32551.7	1337
196	199	0	0	0	0	29474.7	1338
184	192	0	0	0	0	31836.3	1339
197	170	0	0	0	0	36097.2	1340
200	209	0	0	0	0	32782.3	1341
193	203	0	0	0	0	23614.7	1342
217	197	0	0	0	0	22715.7	1343
180	187	0	0	0	0	20579.3	1344
207	209	0	0	0	0	29199.3	1345
213	179	0	0	0	0	22051.2	1346
203	219	0	0	0	0	22385.2	1347
197	195	0	0	0	0	37874.3	1348
218	209	0	0	0	0	38558.3	1349
187	198	0	0	0	0	24215.2	1350
194	185	0	0	0	0	27408.7	1351
183	195	0	0	0	0	27789.8	1352
178	189	0	0	0	0	20372.2	1353
172	182	0	0	0	0	21812.6	1354
194	185	0	0	0	0	38012.8	1355
192	175	0	0	0	0	20194.0	1356
205	207	0	0	0	0	22391.7	1357
205	172	0	0	0	0	21055.5	1358
195	214	0	0	0	0	27069.5	1359
232	210	0	0	0	0	32760.7	1360
195	215	0	0	0	0	24458.8	1361
195	188	0	0	0	0	32781.3	1362
184	184	0	0	0	0	38329.3	1363
186	204	0	0	0	0	21777.1	1364
200	218	0	0	0	0	22992.4	1365
208	196	0	0	0	0	34911.5	1366
198	190	0	0	0	0	35899.5	1367
198	189	0	0	0	0	39117.2	1368
211	197	0	0	0	0	25148.9	1369
213	201	0	0	0	0	24644.3	1370
195	194	0	0	0	0	26868.4	1371
185	184	0	0	0	0	36309.2	1372
185	174	0	0	0	0	24855.0	1373
194	209	0	0	0	0	25825.4	1374
213	186	0	0	0	0	26218.3	1375
197	207	0	0	0	0	28992.1	1376
188	221	0	0	0	0	23850.5	1377
187	223	0	0	0	0	37496.6	1378
209	209	0	0	0	0	25698.4	1379
214	186	0	0	0	0	34575.1	1380
202	181	0	0	0	0	34164.6	1381
200	182	0	0	0	0	24034.6	1382
193	200	0	0	0	0	31201.6	1383
171	197	0	0	0	0	26455.6	1384
208	212	0	0	0	0	21185.8	1385
207	203	0	0	0	0	22847.8	1386
178	169	0	0	0	0	28639.0	1387
193	210	0	0	0	0	21416.3	1388
193	180	0	0	0	0	24212.8	1389
187	178	0	0	0	0	39545.7	1390
186	220	0	0	0	0	37873.1	1391
170	178	0	0	0	0	39453.5	1392
209	182	0	0	0	0	39680.4	1393
191	195	0	0	0	0	38878.5	1394
167	215	0	0	0	0	39581.1	1395
185	200	0	0	0	0	21139.2	1396
169	186	0	0	0	0	38255.9	1397
190	196	0	0	0	0	29419.1	1398
213	167	0	0	0	0	28862.3	1399
190	198	0	0	0	0	32393.3	1400
200	212	0	0	0	0	31853.2	1401
197	185	0	0	0	0	29542.2	1402
182	196	0	0	0	0	26415.3	1403
199	188	0	0	0	0	34993.2	1404
190	196	0	0	0	0	30803.7	1405
201	174	0	0	0	0	37877.5	1406
165	192	0	0	0	0	34211.4	1407
186	208	0	0	0	0	37902.0	1408
196	191	0	0	0	0	33824.0	1409
206	208	0	0	0	0	37643.6	1410
243	187	0	0	0	0	26955.7	1411
199	168	0	0	0	0	30738.1	1412
180	191	0	0	0	0	23283.5	1413
185	219	0	0	0	0	23615.6	1414
169	173	0	0	0	0	23735.0	1415
200	181	0	0	0	0	24963.1	1416
183	221	0	0	0	0	26791.0	1417
169	181	0	0	0	0	20510.1	1418
199	170	0	0	0	0	34867.4	1419
195	209	0	0	0	0	31124.1	1420
221	185	0	0	0	0	23078.9	1421
201	184	0	0	0	0	37416.0	1422
178	161	0	0	0	0	38475.2	1423
216	201	0	0	0	0	21215.1	1424
221	168	0	0	0	0	28891.6	1425
171	193	0	0	0	0	30997.4	1426
166	186	0	0	0	0	32970.6	1427
191	184	0	0	0	0	24822.4	1428
186	188	0	0	0	0	33684.1	1429
170	191	0	0	0	0	33177.8	1430
192	164	0	0	0	0	32908.4	1431
180	217	0	0	0	0	26489.2	1432
169	185	0	0	0	0	24776.9	1433
172	191	0	0	0	0	37134.4	1434
190	192	0	0	0	0	26779.3	1435
186	167	0	0	0	0	24497.3	1436
187	227	0	0	0	0	36354.1	1437
184	199	0	0	0	0	31067.9	1438
210	200	0	0	0	0	21858.5	1439
197	195	0	0	0	0	39396.6	1440
187	205	0	0	0	0	36094.0	1441
179	201	0	0	0	0	26557.4	1442
183	181	0	0	0	0	36888.2	1443
189	184	0	0	0	0	20499.8	1444
181	165	0	0	0	0	36495.2	1445
204	208	0	0	0	0	23004.0	1446
182	207	0	0	0	0	38249.4	1447
166	189	0	0	0	0	29272.7	1448
191	182	0	0	0	0	31995.1	1449
195	193	0	0	0	0	25830.0	1450
197	203	0	0	0	0	39584.0	1451
183	175	0	0	0	0	36038.3	1452
172	199	0	0	0	0	28826.8	1453
198	200	0	0	0	0	21123.3	1454
198	211	0	0	0	0	33555.9	1455
203	213	0	0	0	0	37697.1	1456
190	209	0	0	0	0	36864.7	1457
191	183	0	0	0	0	34013.5	1458
179	177	0	0	0	0	39583.9	1459
184	206	0	0	0	0	32215.5	1460
188	204	0	0	0	0	22941.6	1461
190	197	0	0	0	0	32614.8	1462
186	190	0	0	0	0	34868.2	1463
186	198	0	0	0	0	30708.1	1464
188	192	0	0	0	0	30577.3	1465
197	191	0	0	0	0	21568.7	1466
200	168	0	0	0	0	32704.5	1467
199	181	0	0	0	0	39916.7	1468
198	177	0	0	0	0	37757.7	1469
172	197	0	0	0	0	34997.5	1470
181	177	0	0	0	0	33106.1	1471
191	163	0	0	0	0	37756.4	1472
196	200	0	0	0	0	21543.2	1473
203	182	0	0	0	0	38436.3	1474
224	191	0	0	0	0	31148.0	1475
184	194	0	0	0	0	24416.1	1476
188	179	0	0	0	0	27288.3	1477
190	180	0	0	0	0	25901.9	1478
186	190	0	0	0	0	26767.6	1479
178	196	0	0	0	0	37521.5	1480
168	177	0	0	0	0	36615.5	1481
191	169	0	0	0	0	32295.4	1482
182	175	0	0	0	0	33819.1	1483
198	196	0	0	0	0	36222.4	1484
173	193	0	0	0	0	22749.7	1485
208	162	0	0	0	0	26508.8	1486
182	199	0	0	0	0	28047.1	1487
189	182	0	0	0	0	35832.9	1488
183	177	0	0	0	0	38227.8	1489
181	177	0	0	0	0	29251.5	1490
179	188	0	0	0	0	26207.6	1491
194	200	0	0	0	0	26887.0	1492
207	191	0	0	0	0	26051.2	1493
184	170	0	0	0	0	39810.5	1494
181	190	0	0	0	0	25392.7	1495
201	176	0	0	0	0	21152.9	1496
194	182	0	0	0	0	36303.7	1497
195	201	0	0	0	0	22667.6	1498
186	192	0	0	0	0	36018.4	1499
178	195	0	0	0	0	38837.5	1500
178	192	0	0	0	0	21145.5	1501
202	187	0	0	0	0	34444.3	1502
188	196	0	0	0	0	32852.6	1503
177	178	0	0	0	0	25544.1	1504
184	181	0	0	0	0	39215.3	1505
184	203	0	0	0	0	28770.0	1506
186	171	0	0	0	0	26253.1	1507
211	162	0	0	0	0	21655.7	1508
194	201	0	0	0	0	38907.0	1509
220	227	0	0	0	0	36346.7	1510
204	186	0	0	0	0	25522.3	1511
187	198	0	0	0	0	38669.1	1512
192	172	0	0	0	0	32735.8	1513
189	158	0	0	0	0	32174.9	1514
198	194	0	0	0	0	35784.2	1515
197	174	0	0	0	0	30239.4	1516
150	178	0	0	0	0	39864.2	1517
192	214	0	0	0	0	36640.7	1518
168	180	0	0	0	0	33157.0	1519
180	188	0	0	0	0	21034.4	1520
163	186	0	0	0	0	20170.2	1521
162	194	0	0	0	0	24782.3	1522
175	204	0	0	0	0	20547.3	1523
189	171	0	0	0	0	31546.3	1524
219	182	0	0	0	0	26661.5	1525
200	211	0	0	0	0	29760.2	1526
181	185	0	0	0	0	27696.4	1527
183	170	0	0	0	0	38257.9	1528
180	167	0	0	0	0	24745.9	1529
166	190	0	0	0	0	20832.0	1530
175	163	0	0	0	0	24713.1	1531
216	184	0	0	0	0	36077.5	1532
190	180	0	0	0	0	30713.0	1533
164	163	0	0	0	0	26668.2	1534
161	186	0	0	0	0	22666.2	1535
163	202	0	0	0	0	35404.3	1536
184	184	0	0	0	0	22336.1	1537
192	184	0	0	0	0	29824.9	1538
176	177	0	0	0	0	33041.8	1539
156	181	0	0	0	0	24309.0	1540
183	175	0	0	0	0	35802.8	1541
193	187	0	0	0	0	24054.8	1542
179	159	0	0	0	0	25586.8	1543
185	176	0	0	0	0	21242.9	1544
180	199	0	0	0	0	28912.1	1545
187	195	0	0	0	0	29376.8	1546
195	183	0	0	0	0	39671.0	1547
167	168	0	0	0	0	30469.1	1548
188	190	0	0	0	0	36101.5	1549
182	160	0	0	0	0	27509.6	1550
186	181	0	0	0	0	31979.2	1551
184	194	0	0	0	0	22133.2	1552
188	186	0	0	0	0	20611.2	1553
182	183	0	0	0	0	23767.9	1554
180	185	0	0	0	0	29131.5	1555
180	183	0	0	0	0	29696.6	1556
182	179	0	0	0	0	24633.8	1557
164	202	0	0	0	0	27136.1	1558
179	171	0	0	0	0	24650.4	1559
188	178	0	0	0	0	30534.6	1560
176	185	0	0	0	0	26474.0	1561
211	168	0	0	0	0	36328.4	1562
185	176	0	0	0	0	29847.0	1563
172	192	0	0	0	0	20969.3	1564
153	174	0	0	0	0	38161.0	1565
194	193	0	0	0	0	35556.7	1566
156	177	0	0	0	0	26492.8	1567
176	165	0	0	0	0	30977.0	1568
173	185	0	0	0	0	32139.5	1569
172	168	0	0	0	0	35990.7	1570
178	183	0	0	0	0	35086.5	1571
180	186	0	0	0	0	26367.5	1572
179	165	0	0	0	0	29089.1	1573
184	156	0	0	0	0	36543.4	1574
167	183	0	0	0	0	30698.9	1575
192	159	0	0	0	0	35957.1	1576
157	200	0	0	0	0	23341.7	1577
168	169	0	0	0	0	33388.2	1578
173	176	0	0	0	0	39260.8	1579
182	154	0	0	0	0	32907.1	1580
165	167	0	0	0	0	35304.8	1581
164	194	0	0	0	0	31723.5	1582
174	169	0	0	0	0	27859.2	1583
184	188	0	0	0	0	27220.9	1584
209	162	0	0	0	0	20761.7	1585
185	180	0	0	0	0	38562.5	1586
179	174	0	0	0	0	33989.5	1587
167	201	0	0	0	0	37807.0	1588
186	177	0	0	0	0	21167.4	1589
173	169	0	0	0	0	31252.7	1590
170	179	0	0	0	0	37725.1	1591
173	175	0	0	0	0	29399.8	1592
179	171	0	0	0	0	34160.9	1593
200	173	0	0	0	0	30205.2	1594
177	228	0	0	0	0	38887.6	1595
170	152	0	0	0	0	27744.8	1596
172	170	0	0	0	0	22424.9	1597
177	148	0	0	0	0	39439.6	1598
163	174	0	0	0	0	21407.3	1599
180	177	0	0	0	0	21823.0	1600
182	175	0	0	0	0	27033.5	1601
189	178	0	0	0	0	23787.5	1602
199	178	0	0	0	0	27797.8	1603
169	172	0	0	0	0	34520.9	1604
194	197	0	0	0	0	31060.0	1605
165	164	0	0	0	0	34774.3	1606
167	158	0	0	0	0	28211.5	1607
173	163	0	0	0	0	21356.7	1608
181	191	0	0	0	0	39425.0	1609
169	184	0	0	0	0	20019.3	1610
157	175	0	0	0	0	32466.3	1611
188	181	0	0	0	0	22305.9	1612
199	160	0	0	0	0	31184.1	1613
166	172	0	0	0	0	26039.0	1614
184	193	0	0	0	0	39556.3	1615
160	178	0	0	0	0	37038.9	1616
176	190	0	0	0	0	34396.5	1617
197	171	0	0	0	0	27715.5	1618
163	180	0	0	0	0	23971.2	1619
167	175	0	0	0	0	24490.3	1620
151	163	0	0	0	0	36416.9	1621
174	186	0	0	0	0	37379.8	1622
188	187	0	0	0	0	31532.4	1623
194	169	0	0	0	0	34278.3	1624
181	168	0	0	0	0	27527.6	1625
171	165	0	0	0	0	26666.4	1626
177	186	0	0	0	0	39218.1	1627
179	165	0	0	0	0	33233.0	1628
189	183	0	0	0	0	31173.6	1629
186	174	0	0	0	0	28360.9	1630
165	200	0	0	0	0	39621.5	1631
171	150	0	0	0	0	29495.8	1632
164	171	0	0	0	0	25438.1	1633
187	174	0	0	0	0	27676.0	1634
159	172	0	0	0	0	31838.7	1635
191	156	0	0	0	0	33420.1	1636
193	170	0	0	0	0	27953.6	1637
171	199	0	0	0	0	25240.2	1638
172	175	0	0	0	0	38135.7	1639
157	195	0	0	0	0	21173.0	1640
154	177	0	0	0	0	21355.6	1641
159	160	0	0	0	0	38604.5	1642
173	179	0	0	0	0	23034.4	1643
173	188	0	0	0	0	24442.0	1644
169	195	0	0	0	0	28143.7	1645
162	185	0	0	0	0	23242.8	1646
161	173	0	0	0	0	27752.7	1647
150	172	0	0	0	0	22184.3	1648
174	190	0	0	0	0	25142.1	1649
165	142	0	0	0	0	32064.6	1650
168	154	0	0	0	0	34656.2	1651
177	166	0	0	0	0	22350.8	1652
173	190	0	0	0	0	27244.5	1653
176	169	0	0	0	0	32851.3	1654
168	173	0	0	0	0	38561.1	1655
170	171	0	0	0	0	34616.5	1656
164	169	0	0	0	0	23848.1	1657
167	156	0	0	0	0	26561.6	1658
176	179	0	0	0	0	23361.0	1659
156	152	0	0	0	0	34391.4	1660
188	180	0	0	0	0	27496.6	1661
174	172	0	0	0	0	29000.5	1662
169	177	0	0	0	0	34006.2	1663
169	163	0	0	0	0	36612.3	1664
173	155	0	0	0	0	22034.8	1665
178	161	0	0	0	0	34258.6	1666
158	190	0	0	0	0	24926.5	1667
167	182	0	0	0	0	27059.1	1668
164	153	0	0	0	0	23979.3	1669
190	176	0	0	0	0	32759.0	1670
186	152	0	0	0	0	27309.4	1671
181	160	0	0	0	0	26185.7	1672
180	160	0	0	0	0	21715.7	1673
170	187	0	0	0	0	39919.5	1674
156	198	0	0	0	0	39351.5	1675
154	169	0	0	0	0	21822.2	1676
189	185	0	0	0	0	28528.9	1677
156	164	0	0	0	0	33406.8	1678
164	164	0	0	0	0	20056.1	1679
160	157	0	0	0	0	31847.7	1680
167	184	0	0	0	0	24271.7	1681
166	188	0	0	0	0	38671.9	1682
178	163	0	0	0	0	34836.4	1683
159	187	0	0	0	0	36138.9	1684
167	180	0	0	0	0	37465.5	1685
170	161	0	0	0	0	30150.2	1686
172	185	0	0	0	0	26351.7	1687
182	174	0	0	0	0	20465.1	1688
181	172	0	0	0	0	25940.8	1689
157	191	0	0	0	0	28978.6	1690
165	180	0	0	0	0	23277.5	1691
156	165	0	0	0	0	39998.0	1692
162	160	0	0	0	0	27177.3	1693
168	155	0	0	0	0	27320.9	1694
167	169	0	0	0	0	21756.7	1695
156	160	0	0	0	0	28321.6	1696
186	172	0	0	0	0	21037.2	1697
179	170	0	0	0	0	29288.9	1698
162	165	0	0	0	0	35267.1	1699
171	176	0	0	0	0	29933.4	1700
160	162	0	0	0	0	32440.2	1701
125	163	0	0	0	0	38853.7	1702
157	153	0	0	0	0	38812.1	1703
151	151	0	0	0	0	37681.7	1704
177	176	0	0	0	0	21157.1	1705
146	181	0	0	0	0	28152.3	1706
191	153	0	0	0	0	27692.9	1707
179	178	0	0	0	0	24765.8	1708
154	159	0	0	0	0	36645.3	1709
161	160	0	0	0	0	38284.1	1710
165	185	0	0	0	0	33276.5	1711
166	161	0	0	0	0	24738.1	1712
183	153	0	0	0	0	23239.5	1713
152	155	0	0	0	0	31228.3	1714
164	190	0	0	0	0	24870.9	1715
176	169	0	0	0	0	39007.6	1716
172	168	0	0	0	0	33840.5	1717
166	163	0	0	0	0	27150.2	1718
161	167	0	0	0	0	22427.9	1719
157	187	0	0	0	0	39739.4	1720
177	171	0	0	0	0	20008.7	1721
169	175	0	0	0	0	27576.2	1722
160	160	0	0	0	0	31104.1	1723
166	165	0	0	0	0	37639.7	1724
168	158	0	0	0	0	37181.7	1725
164	186	0	0	0	0	30058.3	1726
164	168	0	0	0	0	23735.2	1727
163	166	0	0	0	0	23896.3	1728
166	155	0	0	0	0	31387.1	1729
174	174	0	0	0	0	38763.7	1730
173	164	0	0	0	0	38504.9	1731
150	166	0	0	0	0	35341.9	1732
146	160	0	0	0	0	22981.3	1733
145	164	0	0	0	0	24227.3	1734
166	165	0	0	0	0	31289.1	1735
169	182	0	0	0	0	29765.3	1736
155	176	0	0	0	0	30519.0	1737
166	136	0	0	0	0	21602.5	1738
165	176	0	0	0	0	23178.7	1739
156	189	0	0	0	0	24778.5	1740
187	166	0	0	0	0	24561.2	1741
156	167	0	0	0	0	31693.5	1742
185	167	0	0	0	0	30913.9	1743
180	182	0	0	0	0	32947.9	1744
179	176	0	0	0	0	33341.9	1745
190	139	0	0	0	0	26710.0	1746
157	166	0	0	0	0	30832.0	1747
163	172	0	0	0	0	22382.3	1748
191	158	0	0	0	0	20213.0	1749
171	157	0	0	0	0	23686.5	1750
181	154	0	0	0	0	25766.4	1751
160	174	0	0	0	0	29157.8	1752
152	170	0	0	0	0	22183.3	1753
153	149	0	0	0	0	22388.3	1754
158	180	0	0	0	0	27045.7	1755
150	169	0	0	0	0	30178.6	1756
173	183	0	0	0	0	23185.4	1757
145	144	0	0	0	0	22827.0	1758
183	157	0	0	0	0	31211.3	1759
152	160	0	0	0	0	30847.3	1760
174	169	0	0	0	0	26236.9	1761
190	167	0	0	0	0	35632.2	1762
153	163	0	0	0	0	22173.3	1763
157	148	0	0	0	0	37047.4	1764
160	157	0	0	0	0	38847.1	1765
153	169	0	0	0	0	24493.6	1766
163	180	0	0	0	0	30585.7	1767
165	171	0	0	0	0	37658.7	1768
166	149	0	0	0	0	25528.1	1769
159	181	0	0	0	0	29603.8	1770
141	169	0	0	0	0	32822.7	1771
155	165	0	0	0	0	23198.9	1772
149	132	0	0	0	0	32132.1	1773
189	143	0	0	0	0	32369.5	1774
133	162	0	0	0	0	26590.7	1775
145	158	0	0	0	0	27418.1	1776
171	163	0	0	0	0	24017.1	1777
143	175	0	0	0	0	27108.0	1778
165	173	0	0	0	0	37485.6	1779
161	145	0	0	0	0	25661.8	1780
158	147	0	0	0	0	37466.6	1781
150	150	0	0	0	0	29004.6	1782
166	184	0	0	0	0	30267.2	1783
170	159	0	0	0	0	29776.6	1784
151	178	0	0	0	0	29888.1	1785
144	157	0	0	0	0	33112.6	1786
152	143	0	0	0	0	32975.0	1787
170	157	0	0	0	0	28370.4	1788
163	146	0	0	0	0	38544.9	1789
167	158	0	0	0	0	39255.4	1790
162	171	0	0	0	0	36590.3	1791
157	150	0	0	0	0	36422.3	1792
150	161	0	0	0	0	31718.5	1793
170	170	0	0	0	0	37219.8	1794
133	164	0	0	0	0	27906.8	1795
151	152	0	0	0	0	39640.7	1796
180	134	0	0	0	0	27642.9	1797
160	159	0	0	0	0	21399.0	1798
158	169	0	0	0	0	22771.4	1799
169	152	0	0	0	0	21458.1	1800
157	156	0	0	0	0	32730.1	1801
173	173	0	0	0	0	34720.7	1802
151	168	0	0	0	0	38232.3	1803
131	157	0	0	0	0	32054.1	1804
151	168	0	0	0	0	20666.8	1805
158	157	0	0	0	0	27043.8	1806
143	165	0	0	0	0	22585.9	1807
177	160	0	0	0	0	30303.5	1808
175	154	0	0	0	0	28295.1	1809
176	148	0	0	0	0	32751.9	1810
150	185	0	0	0	0	28649.2	1811
169	136	0	0	0	0	24327.1	1812
150	160	0	0	0	0	21878.3	1813
166	146	0	0	0	0	29189.3	1814
156	164	0	0	0	0	38894.3	1815
182	142	0	0	0	0	34829.2	1816
140	135	0	0	0	0	22062.0	1817
156	165	0	0	0	0	33581.5	1818
131	165	0	0	0	0	36429.7	1819
164	154	0	0	0	0	32146.9	1820
154	162	0	0	0	0	39762.7	1821
172	147	0	0	0	0	31335.7	1822
180	136	0	0	0	0	39672.0	1823
157	156	0	0	0	0	33177.9	1824
145	137	0	0	0	0	37047.4	1825
142	157	0	0	0	0	24979.9	1826
155	158	0	0	0	0	29430.2	1827
166	148	0	0	0	0	29173.6	1828
148	161	0	0	0	0	39869.8	1829
144	163	0	0	0	0	34950.0	1830
148	146	0	0	0	0	29948.4	1831
174	132	0	0	0	0	24082.9	1832
164	189	0	0	0	0	29875.9	1833
156	149	0	0	0	0	38493.2	1834
145	177	0	0	0	0	29622.8	1835
149	166	0	0	0	0	22654.0	1836
166	163	0	0	0	0	35686.0	1837
173	175	0	0	0	0	25066.0	1838
158	160	0	0	0	0	21821.1	1839
127	191	0	0	0	0	37643.7	1840
141	118	0	0	0	0	28216.5	1841
153	166	0	0	0	0	20439.6	1842
138	158	0	0	0	0	33489.0	1843
158	153	0	0	0	0	20642.6	1844
176	164	0	0	0	0	25778.1	1845
149	146	0	0	0	0	33239.1	1846
188	162	0	0	0	0	34732.4	1847
154	147	0	0	0	0	33205.0	1848
183	154	0	0	0	0	36586.4	1849
162	142	0	0	0	0	32722.5	1850
160	149	0	0	0	0	26989.2	1851
165	152	0	0	0	0	33017.5	1852
160	148	0	0	0	0	29587.4	1853
148	155	0	0	0	0	28674.5	1854
166	155	0	0	0	0	27354.3	1855
182	149	0	0	0	0	35344.6	1856
177	178	0	0	0	0	35847.3	1857
175	167	0	0	0	0	31213.1	1858
130	167	0	0	0	0	21208.5	1859
163	156	0	0	0	0	35989.6	1860
166	163	0	0	0	0	21981.8	1861
140	166	0	0	0	0	37658.9	1862
161	171	0	0	0	0	31964.3	1863
147	118	0	0	0	0	31639.0	1864
136	151	0	0	0	0	23681.9	1865
121	165	0	0	0	0	32085.5	1866
157	170	0	0	0	0	29400.4	1867
151	153	0	0	0	0	36778.2	1868
150	156	0	0	0	0	31727.2	1869
144	161	0	0	0	0	25191.6	1870
123	147	0	0	0	0	34144.3	1871
148	152	0	0	0	0	32931.2	1872
133	156	0	0	0	0	26192.3	1873
137	146	0	0	0	0	38761.8	1874
150	166	0	0	0	0	37360.1	1875
162	143	0	0	0	0	23855.3	1876
151	153	0	0	0	0	23670.1	1877
140	160	0	0	0	0	28032.8	1878
149	154	0	0	0	0	26359.2	1879
158	153	0	0	0	0	26320.0	1880
177	131	0	0	0	0	24000.8	1881
164	157	0	0	0	0	34960.5	1882
157	152	0	0	0	0	37746.9	1883
158	174	0	0	0	0	27711.9	1884
156	148	0	0	0	0	21944.3	1885
156	158	0	0	0	0	26443.3	1886
156	145	0	0	0	0	38714.0	1887
144	159	0	0	0	0	29914.6	1888
165	169	0	0	0	0	33214.4	1889
165	150	0	0	0	0	21953.1	1890
127	156	0	0	0	0	20430.3	1891
156	132	0	0	0	0	36837.3	1892
161	150	0	0	0	0	25930.2	1893
160	174	0	0	0	0	25738.1	1894
155	158	0	0	0	0	35382.3	1895
144	158	0	0	0	0	29521.9	1896
154	159	0	0	0	0	22043.8	1897
155	134	0	0	0	0	21484.0	1898
136	140	0	0	0	0	22636.0	1899
146	165	0	0	0	0	26538.9	1900
155	188	0	0	0	0	38274.3	1901
158	144	0	0	0	0	39409.6	1902
157	154	0	0	0	0	39814.9	1903
166	142	0	0	0	0	21298.6	1904
160	153	0	0	0	0	20336.2	1905
167	151	0	0	0	0	30705.6	1906
146	158	0	0	0	0	33646.0	1907
138	152	0	0	0	0	39093.3	1908
135	132	0	0	0	0	27455.9	1909
153	151	0	0	0	0	35328.3	1910
156	153	0	0	0	0	21856.5	1911
158	169	0	0	0	0	37681.4	1912
140	141	0	0	0	0	28791.8	1913
149	140	0	0	0	0	38101.8	1914
147	155	0	0	0	0	22767.2	1915
152	130	0	0	0	0	37734.8	1916
157	185	0	0	0	0	38991.4	1917
134	160	0	0	0	0	25653.6	1918
158	146	0	0	0	0	26159.7	1919
163	148	0	0	0	0	28958.7	1920
157	169	0	0	0	0	23353.6	1921
155	130	0	0	0	0	31278.7	1922
163	132	0	0	0	0	32583.8	1923
135	162	0	0	0	0	34386.5	1924
144	139	0	0	0	0	36288.5	1925
149	133	0	0	0	0	31882.8	1926
154	156	0	0	0	0	36109.6	1927
159	169	0	0	0	0	32210.1	1928
164	154	0	0	0	0	34597.4	1929
166	148	0	0	0	0	35102.4	1930
154	158	0	0	0	0	35197.9	1931
141	139	0	0	0	0	37506.7	1932
156	155	0	0	0	0	27825.9	1933
134	144	0	0	0	0	27762.5	1934
147	152	0	0	0	0	27826.0	1935
148	146	0	0	0	0	31487.9	1936
166	168	0	0	0	0	24128.3	1937
135	159	0	0	0	0	23024.6	1938
163	133	0	0	0	0	25091.1	1939
158	155	0	0	0	0	28640.9	1940
151	156	0	0	0	0	22047.2	1941
142	139	0	0	0	0	25046.1	1942
139	142	0	0	0	0	24332.2	1943
165	148	0	0	0	0	39551.3	1944
140	161	0	0	0	0	24306.4	1945
158	166	0	0	0	0	22910.1	1946
134	147	0	0	0	0	32476.9	1947
142	150	0	0	0	0	33373.6	1948
155	153	0	0	0	0	36859.5	1949
151	128	0	0	0	0	32673.9	1950
152	166	0	0	0	0	31213.3	1951
155	152	0	0	0	0	37386.3	1952
145	152	0	0	0	0	30403.7	1953
159	152	0	0	0	0	30417.0	1954
150	146	0	0	0	0	35763.3	1955
175	138	0	0	0	0	33879.3	1956
152	148	0	0	0	0	36134.5	1957
165	127	0	0	0	0	30050.4	1958
149	149	0	0	0	0	25392.5	1959
135	163	0	0	0	0	21461.8	1960
133	146	0	0	0	0	33279.7	1961
155	151	0	0	0	0	23318.3	1962
153	158	0	0	0	0	31713.7	1963
142	157	0	0	0	0	36365.3	1964
140	148	0	0	0	0	20279.8	1965
153	143	0	0	0	0	35160.6	1966
151	161	0	0	0	0	25986.9	1967
142	140	0	0	0	0	34616.4	1968
159	135	0	0	0	0	35021.1	1969
141	149	0	0	0	0	24326.4	1970
135	149	0	0	0	0	39317.2	1971
137	155	0	0	0	0	30413.3	1972
148	162	0	0	0	0	27632.9	1973
137	144	0	0	0	0	35045.7	1974
160	127	0	0	0	0	37604.9	1975
154	138	0	0	0	0	32583.8	1976
134	148	0	0	0	0	25697.3	1977
157	134	0	0	0	0	20512.6	1978
148	151	0	0	0	0	33725.0	1979
137	161	0	0	0	0	26003.4	1980
168	152	0	0	0	0	26891.5	1981
166	156	0	0	0	0	37788.5	1982
135	156	0	0	0	0	24405.5	1983
155	140	0	0	0	0	24508.8	1984
144	140	0	0	0	0	31675.7	1985
143	137	0	0	0	0	29782.6	1986
152	142	0	0	0	0	36005.1	1987
132	149	0	0	0	0	23785.0	1988
144	152	0	0	0	0	27412.5	1989
126	131	0	0	0	0	38259.5	1990
170	128	0	0	0	0	35271.5	1991
150	121	0	0	0	0	33017.4	1992
130	131	0	0	0	0	21890.7	1993
156	140	0	0	0	0	30337.0	1994
155	142	0	0	0	0	24928.3	1995
134	142	0	0	0	0	25318.6	1996
146	164	0	0	0	0	25370.1	1997
144	151	0	0	0	0	37167.1	1998
128	141	0	0	0	0	31587.7	1999
145	138	0	0	0	0	39735.3	2000
