unique_top_cov	unique_bot_cov	redundant_top_cov	redundant_bot_cov	raw_redundant_top_cov	raw_redundant_bot_cov	e_value	position
148	140	0	0	0	0	26381.6	1
119	168	0	0	0	0	33351.3	2
136	171	0	0	0	0	28388.7	3
160	134	0	0	0	0	38455.7	4
145	148	0	0	0	0	23523.6	5
145	119	0	0	0	0	31078.1	6
153	154	0	0	0	0	29939.4	7
124	127	0	0	0	0	30774.5	8
141	149	0	0	0	0	25980.8	9
139	145	0	0	0	0	23939.3	10
145	158	0	0	0	0	38994.7	11
160	169	0	0	0	0	33010.2	12
145	161	0	0	0	0	34709.4	13
135	157	0	0	0	0	38327.2	14
141	168	0	0	0	0	38787.6	15
149	140	0	0	0	0	37855.6	16
155	186	0	0	0	0	33155.5	17
142	148	0	0	0	0	27995.9	18
167	148	0	0	0	0	27760.0	19
173	154	0	0	0	0	31967.4	20
144	123	0	0	0	0	35984.4	21
155	145	0	0	0	0	28149.1	22
163	153	0	0	0	0	20400.7	23
156	155	0	0	0	0	35930.7	24
135	158	0	0	0	0	21486.0	25
149	139	0	0	0	0	35288.8	26
175	134	0	0	0	0	20343.7	27
157	151	0	0	0	0	25511.2	28
155	140	0	0	0	0	38688.3	29
140	142	0	0	0	0	29857.1	30
154	172	0	0	0	0	32541.4	31
154	142	0	0	0	0	38112.3	32
146	151	0	0	0	0	31533.8	33
143	151	0	0	0	0	31222.4	34
169	161	0	0	0	0	32017.7	35
158	156	0	0	0	0	22699.6	36
149	171	0	0	0	0	32555.2	37
149	165	0	0	0	0	30635.1	38
153	188	0	0	0	0	33201.5	39
183	152	0	0	0	0	29308.4	40
169	174	0	0	0	0	33417.2	41
179	164	0	0	0	0	26151.0	42
149	152	0	0	0	0	31509.4	43
145	172	0	0	0	0	31644.8	44
152	163	0	0	0	0	23088.8	45
171	169	0	0	0	0	37144.8	46
170	137	0	0	0	0	29959.9	47
178	171	0	0	0	0	30714.0	48
178	128	0	0	0	0	30000.7	49
173	172	0	0	0	0	25546.2	50
172	149	0	0	0	0	39988.9	51
165	171	0	0	0	0	20711.4	52
147	151	0	0	0	0	24129.3	53
133	177	0	0	0	0	31953.1	54
154	140	0	0	0	0	26800.9	55
164	163	0	0	0	0	30928.7	56
152	164	0	0	0	0	37986.5	57
161	160	0	0	0	0	20234.1	58
142	152	0	0	0	0	26590.0	59
166	156	0	0	0	0	39668.9	60
150	148	0	0	0	0	21686.1	61
165	167	0	0	0	0	22049.7	62
158	160	0	0	0	0	26768.3	63
169	152	0	0	0	0	27804.7	64
154	178	0	0	0	0	36143.2	65
162	163	0	0	0	0	35326.4	66
173	154	0	0	0	0	29320.9	67
171	176	0	0	0	0	24542.2	68
136	159	0	0	0	0	30349.0	69
166	144	0	0	0	0	37242.8	70
171	155	0	0	0	0	28583.6	71
179	157	0	0	0	0	32237.8	72
162	176	0	0	0	0	35084.2	73
144	162	0	0	0	0	26978.6	74
129	175	0	0	0	0	22686.1	75
175	163	0	0	0	0	29352.7	76
172	198	0	0	0	0	33047.2	77
138	159	0	0	0	0	22079.6	78
129	160	0	0	0	0	20461.5	79
162	175	0	0	0	0	21204.9	80
160	130	0	0	0	0	28633.5	81
173	186	0	0	0	0	37552.8	82
140	142	0	0	0	0	36981.5	83
137	163	0	0	0	0	30563.2	84
147	157	0	0	0	0	31960.7	85
189	148	0	0	0	0	21205.4	86
159	163	0	0	0	0	30929.2	87
165	153	0	0	0	0	21707.4	88
139	149	0	0	0	0	25500.7	89
165	148	0	0	0	0	33208.1	90
139	147	0	0	0	0	20189.5	91
149	152	0	0	0	0	27253.3	92
168	163	0	0	0	0	34756.4	93
156	147	0	0	0	0	24234.2	94
153	158	0	0	0	0	36635.8	95
172	149	0	0	0	0	27100.7	96
158	172	0	0	0	0	24254.0	97
142	158	0	0	0	0	21919.5	98
164	153	0	0	0	0	33549.9	99
156	163	0	0	0	0	23402.6	100
157	167	0	0	0	0	31070.6	101
167	169	0	0	0	0	37219.6	102
175	149	0	0	0	0	38735.7	103
159	152	0	0	0	0	20298.2	104
160	148	0	0	0	0	31871.5	105
164	166	0	0	0	0	32418.7	106
176	165	0	0	0	0	22455.8	107
159	157	0	0	0	0	32745.4	108
151	164	0	0	0	0	28945.7	109
157	143	0	0	0	0	30408.2	110
163	149	0	0	0	0	35486.7	111
149	163	0	0	0	0	34177.9	112
183	133	0	0	0	0	21411.0	113
183	153	0	0	0	0	37651.8	114
167	150	0	0	0	0	28081.7	115
162	138	0	0	0	0	25001.1	116
139	177	0	0	0	0	36493.3	117
170	157	0	0	0	0	25868.6	118
189	178	0	0	0	0	35205.5	119
149	166	0	0	0	0	29640.6	120
150	178	0	0	0	0	23958.1	121
151	150	0	0	0	0	20435.6	122
168	177	0	0	0	0	29265.7	123
152	165	0	0	0	0	20734.2	124
163	149	0	0	0	0	34064.5	125
181	155	0	0	0	0	34087.7	126
174	157	0	0	0	0	25878.0	127
168	180	0	0	0	0	21822.9	128
174	161	0	0	0	0	38857.2	129
151	183	0	0	0	0	21479.3	130
168	177	0	0	0	0	32848.4	131
144	159	0	0	0	0	24740.3	132
139	156	0	0	0	0	29989.6	133
180	151	0	0	0	0	35672.8	134
146	169	0	0	0	0	33446.3	135
155	191	0	0	0	0	23861.0	136
151	148	0	0	0	0	36303.5	137
179	157	0	0	0	0	35721.6	138
174	166	0	0	0	0	34169.5	139
171	164	0	0	0	0	39963.5	140
169	167	0	0	0	0	32460.1	141
155	179	0	0	0	0	39932.4	142
169	156	0	0	0	0	28180.2	143
154	157	0	0	0	0	33368.7	144
159	171	0	0	0	0	30158.6	145
169	148	0	0	0	0	39658.5	146
180	172	0	0	0	0	28695.6	147
151	137	0	0	0	0	30481.9	148
159	165	0	0	0	0	21832.9	149
163	166	0	0	0	0	36198.3	150
167	159	0	0	0	0	26440.1	151
168	157	0	0	0	0	32023.7	152
166	150	0	0	0	0	30933.0	153
164	161	0	0	0	0	23879.4	154
153	153	0	0	0	0	22060.1	155
156	164	0	0	0	0	24390.9	156
164	183	0	0	0	0	39278.4	157
141	170	0	0	0	0	38189.6	158
141	174	0	0	0	0	20377.1	159
172	155	0	0	0	0	27282.5	160
179	167	0	0	0	0	39615.5	161
165	164	0	0	0	0	27009.7	162
158	161	0	0	0	0	22456.6	163
180	170	0	0	0	0	34533.7	164
153	156	0	0	0	0	37387.3	165
168	167	0	0	0	0	26369.1	166
168	162	0	0	0	0	25429.1	167
183	174	0	0	0	0	31372.9	168
179	192	0	0	0	0	38507.0	169
184	153	0	0	0	0	21251.2	170
145	169	0	0	0	0	30991.2	171
170	151	0	0	0	0	31316.6	172
199	151	0	0	0	0	32558.4	173
169	167	0	0	0	0	20982.0	174
197	195	0	0	0	0	23659.7	175
153	165	0	0	0	0	27506.4	176
159	145	0	0	0	0	28170.1	177
160	160	0	0	0	0	36775.1	178
164	178	0	0	0	0	20579.7	179
159	176	0	0	0	0	25958.4	180
153	164	0	0	0	0	23500.1	181
161	178	0	0	0	0	30476.3	182
173	177	0	0	0	0	33909.6	183
179	191	0	0	0	0	36027.1	184
156	162	0	0	0	0	33957.1	185
181	165	0	0	0	0	24505.6	186
150	179	0	0	0	0	20508.3	187
182	151	0	0	0	0	20410.4	188
159	173	0	0	0	0	35268.5	189
171	170	0	0	0	0	23097.4	190
143	182	0	0	0	0	25176.1	191
166	163	0	0	0	0	37645.0	192
160	147	0	0	0	0	39408.7	193
157	170	0	0	0	0	31851.5	194
190	161	0	0	0	0	38008.9	195
162	179	0	0	0	0	35760.5	196
158	178	0	0	0	0	29828.5	197
184	181	0	0	0	0	32827.1	198
155	156	0	0	0	0	26653.4	199
153	180	0	0	0	0	39002.4	200
151	148	0	0	0	0	36721.0	201
179	168	0	0	0	0	33030.1	202
174	180	0	0	0	0	33376.7	203
196	183	0	0	0	0	39573.4	204
174	157	0	0	0	0	21542.7	205
155	173	0	0	0	0	22310.3	206
188	190	0	0	0	0	25654.7	207
186	168	0	0	0	0	37620.5	208
163	185	0	0	0	0	33315.1	209
186	181	0	0	0	0	26700.8	210
178	156	0	0	0	0	38597.3	211
178	165	0	0	0	0	39121.1	212
188	176	0	0	0	0	32373.5	213
157	162	0	0	0	0	35492.2	214
178	155	0	0	0	0	30149.8	215
165	139	0	0	0	0	28445.0	216
177	186	0	0	0	0	39175.4	217
193	182	0	0	0	0	28659.3	218
180	193	0	0	0	0	33712.4	219
166	177	0	0	0	0	22258.7	220
171	181	0	0	0	0	21530.0	221
166	168	0	0	0	0	32554.4	222
172	136	0	0	0	0	24039.9	223
165	173	0	0	0	0	36469.2	224
170	173	0	0	0	0	21367.5	225
176	182	0	0	0	0	31948.8	226
170	191	0	0	0	0	36416.4	227
182	194	0	0	0	0	22319.3	228
165	177	0	0	0	0	37300.5	229
148	169	0	0	0	0	21134.7	230
169	162	0	0	0	0	32046.4	231
188	165	0	0	0	0	39553.4	232
180	172	0	0	0	0	28875.4	233
175	167	0	0	0	0	25091.9	234
190	159	0	0	0	0	24536.9	235
148	153	0	0	0	0	25659.8	236
160	184	0	0	0	0	21056.8	237
188	157	0	0	0	0	39419.0	238
174	171	0	0	0	0	24761.9	239
177	175	0	0	0	0	30931.3	240
174	161	0	0	0	0	23406.9	241
166	175	0	0	0	0	36918.1	242
168	162	0	0	0	0	34330.2	243
172	160	0	0	0	0	23587.4	244
167	192	0	0	0	0	34118.2	245
174	184	0	0	0	0	28959.7	246
172	158	0	0	0	0	27166.8	247
166	183	0	0	0	0	33158.2	248
150	191	0	0	0	0	30267.7	249
165	172	0	0	0	0	21714.4	250
177	188	0	0	0	0	26759.0	251
161	160	0	0	0	0	28989.9	252
173	164	0	0	0	0	30395.6	253
171	166	0	0	0	0	37729.3	254
171	158	0	0	0	0	37663.1	255
187	159	0	0	0	0	21534.4	256
161	167	0	0	0	0	21965.2	257
159	161	0	0	0	0	27457.7	258
158	171	0	0	0	0	30576.0	259
175	177	0	0	0	0	24508.9	260
153	169	0	0	0	0	27125.6	261
151	177	0	0	0	0	37758.0	262
161	181	0	0	0	0	26023.5	263
171	184	0	0	0	0	24032.8	264
170	179	0	0	0	0	23470.0	265
177	149	0	0	0	0	28118.8	266
172	168	0	0	0	0	24849.4	267
161	179	0	0	0	0	24235.7	268
154	185	0	0	0	0	20788.1	269
172	194	0	0	0	0	38010.8	270
177	183	0	0	0	0	28364.2	271
167	195	0	0	0	0	27356.4	272
181	174	0	0	0	0	28377.0	273
174	167	0	0	0	0	30264.9	274
192	182	0	0	0	0	23132.9	275
177	172	0	0	0	0	37718.4	276
175	168	0	0	0	0	26922.5	277
177	164	0	0	0	0	20784.4	278
184	170	0	0	0	0	27361.8	279
188	173	0	0	0	0	39602.1	280
156	154	0	0	0	0	37101.9	281
190	167	0	0	0	0	39186.8	282
188	187	0	0	0	0	34208.6	283
184	166	0	0	0	0	23908.8	284
183	174	0	0	0	0	31853.1	285
177	173	0	0	0	0	25062.0	286
172	168	0	0	0	0	20655.1	287
178	163	0	0	0	0	20900.7	288
165	180	0	0	0	0	29914.6	289
164	175	0	0	0	0	22533.3	290
179	157	0	0	0	0	20006.8	291
155	166	0	0	0	0	35965.1	292
178	167	0	0	0	0	23052.6	293
178	183	0	0	0	0	20770.1	294
165	167	0	0	0	0	33412.7	295
162	170	0	0	0	0	32127.7	296
165	162	0	0	0	0	26374.2	297
175	176	0	0	0	0	31520.8	298
196	181	0	0	0	0	29422.3	299
184	171	0	0	0	0	28763.6	300
188	184	0	0	0	0	24477.7	301
194	190	0	0	0	0	21414.2	302
173	170	0	0	0	0	25000.5	303
155	196	0	0	0	0	30615.6	304
160	154	0	0	0	0	28247.0	305
171	177	0	0	0	0	21060.8	306
176	184	0	0	0	0	39927.2	307
190	162	0	0	0	0	36584.3	308
148	198	0	0	0	0	20752.5	309
185	195	0	0	0	0	31765.6	310
160	177	0	0	0	0	30639.8	311
187	172	0	0	0	0	37639.9	312
194	170	0	0	0	0	39979.1	313
173	182	0	0	0	0	36460.3	314
187	176	0	0	0	0	32081.4	315
169	180	0	0	0	0	36075.4	316
180	167	0	0	0	0	22459.1	317
159	161	0	0	0	0	31411.7	318
197	188	0	0	0	0	31991.7	319
159	178	0	0	0	0	39645.3	320
176	173	0	0	0	0	25376.1	321
184	197	0	0	0	0	32986.2	322
208	193	0	0	0	0	36817.1	323
192	165	0	0	0	0	33352.6	324
190	177	0	0	0	0	20223.5	325
187	172	0	0	0	0	39578.3	326
168	194	0	0	0	0	31028.2	327
166	188	0	0	0	0	31083.1	328
197	149	0	0	0	0	28576.3	329
198	178	0	0	0	0	29036.3	330
179	172	0	0	0	0	28952.7	331
173	183	0	0	0	0	37180.4	332
191	174	0	0	0	0	30590.5	333
186	197	0	0	0	0	27964.2	334
198	184	0	0	0	0	34123.4	335
171	171	0	0	0	0	31113.5	336
156	176	0	0	0	0	24419.4	337
196	161	0	0	0	0	30512.2	338
192	179	0	0	0	0	33954.9	339
187	177	0	0	0	0	31676.1	340
182	194	0	0	0	0	21295.4	341
181	182	0	0	0	0	24369.5	342
195	174	0	0	0	0	27592.1	343
204	170	0	0	0	0	38981.6	344
165	196	0	0	0	0	25974.0	345
168	195	0	0	0	0	35485.3	346
182	190	0	0	0	0	38870.7	347
198	177	0	0	0	0	22427.4	348
161	186	0	0	0	0	37277.7	349
186	190	0	0	0	0	25954.2	350
185	182	0	0	0	0	30610.5	351
167	167	0	0	0	0	27439.6	352
189	205	0	0	0	0	26310.5	353
185	178	0	0	0	0	37967.0	354
170	187	0	0	0	0	39808.1	355
166	163	0	0	0	0	25959.2	356
191	174	0	0	0	0	32405.2	357
193	194	0	0	0	0	32447.5	358
187	168	0	0	0	0	23583.9	359
160	170	0	0	0	0	34040.6	360
181	203	0	0	0	0	22066.1	361
175	196	0	0	0	0	26192.4	362
157	199	0	0	0	0	20559.3	363
152	171	0	0	0	0	20043.2	364
168	194	0	0	0	0	35037.1	365
196	196	0	0	0	0	35582.1	366
179	174	0	0	0	0	23040.4	367
176	171	0	0	0	0	26479.8	368
171	191	0	0	0	0	37677.3	369
198	180	0	0	0	0	37015.1	370
186	193	0	0	0	0	39637.0	371
174	182	0	0	0	0	25675.7	372
185	179	0	0	0	0	24734.0	373
166	178	0	0	0	0	22917.1	374
174	188	0	0	0	0	34316.1	375
209	185	0	0	0	0	20368.8	376
148	181	0	0	0	0	33463.3	377
179	198	0	0	0	0	23884.3	378
191	186	0	0	0	0	27802.5	379
170	196	0	0	0	0	22508.5	380
190	183	0	0	0	0	24053.8	381
173	184	0	0	0	0	37547.3	382
154	177	0	0	0	0	23535.7	383
197	193	0	0	0	0	36585.5	384
167	175	0	0	0	0	22111.5	385
192	190	0	0	0	0	34290.9	386
188	183	0	0	0	0	30704.2	387
196	173	0	0	0	0	22523.3	388
181	179	0	0	0	0	29044.8	389
176	148	0	0	0	0	26692.2	390
205	183	0	0	0	0	28507.6	391
179	214	0	0	0	0	35247.5	392
190	190	0	0	0	0	31537.4	393
198	185	0	0	0	0	24835.9	394
173	196	0	0	0	0	37153.9	395
190	198	0	0	0	0	35825.0	396
198	183	0	0	0	0	39787.1	397
184	173	0	0	0	0	28574.6	398
189	198	0	0	0	0	33034.5	399
209	183	0	0	0	0	32221.0	400
166	186	0	0	0	0	34572.7	401
181	206	0	0	0	0	27339.6	402
198	194	0	0	0	0	30067.2	403
216	177	0	0	0	0	29579.2	404
188	177	0	0	0	0	39619.9	405
189	172	0	0	0	0	39577.3	406
176	168	0	0	0	0	37837.1	407
154	217	0	0	0	0	28125.6	408
181	192	0	0	0	0	21568.0	409
217	186	0	0	0	0	34442.6	410
194	219	0	0	0	0	33971.0	411
191	164	0	0	0	0	20231.4	412
179	189	0	0	0	0	36636.5	413
184	180	0	0	0	0	34963.6	414
173	190	0	0	0	0	36336.6	415
192	196	0	0	0	0	39634.4	416
189	167	0	0	0	0	38824.0	417
200	173	0	0	0	0	36446.7	418
194	212	0	0	0	0	22866.5	419
176	176	0	0	0	0	22918.5	420
178	189	0	0	0	0	38989.5	421
188	166	0	0	0	0	32522.4	422
177	172	0	0	0	0	31521.2	423
191	193	0	0	0	0	39764.9	424
147	168	0	0	0	0	23119.3	425
175	208	0	0	0	0	32251.0	426
194	196	0	0	0	0	31333.4	427
177	151	0	0	0	0	23848.7	428
177	186	0	0	0	0	36805.5	429
177	179	0	0	0	0	20677.6	430
183	207	0	0	0	0	36047.2	431
184	163	0	0	0	0	22292.3	432
197	214	0	0	0	0	24971.5	433
190	203	0	0	0	0	21486.2	434
171	195	0	0	0	0	20240.7	435
195	189	0	0	0	0	39983.6	436
202	174	0	0	0	0	20456.8	437
182	162	0	0	0	0	22013.7	438
170	181	0	0	0	0	37203.8	439
217	193	0	0	0	0	38180.4	440
191	181	0	0	0	0	25610.4	441
181	179	0	0	0	0	25928.1	442
196	199	0	0	0	0	30104.0	443
194	175	0	0	0	0	21358.7	444
181	192	0	0	0	0	27793.4	445
173	204	0	0	0	0	27977.1	446
191	195	0	0	0	0	27363.8	447
204	193	0	0	0	0	35926.2	448
197	177	0	0	0	0	27817.9	449
205	174	0	0	0	0	38175.0	450
202	206	0	0	0	0	27916.4	451
195	213	0	0	0	0	22969.9	452
196	188	0	0	0	0	34010.4	453
164	185	0	0	0	0	24824.9	454
175	207	0	0	0	0	21447.5	455
188	192	0	0	0	0	24728.5	456
199	197	0	0	0	0	36575.2	457
176	218	0	0	0	0	31202.7	458
198	184	0	0	0	0	33909.5	459
209	186	0	0	0	0	32791.6	460
186	186	0	0	0	0	27476.1	461
215	202	0	0	0	0	33175.4	462
210	205	0	0	0	0	37094.2	463
180	194	0	0	0	0	39830.5	464
202	182	0	0	0	0	20341.0	465
215	228	0	0	0	0	30035.2	466
208	198	0	0	0	0	28751.1	467
200	208	0	0	0	0	36780.7	468
171	181	0	0	0	0	31439.7	469
180	203	0	0	0	0	26180.1	470
204	176	0	0	0	0	39686.5	471
192	208	0	0	0	0	32399.7	472
193	193	0	0	0	0	30995.5	473
189	201	0	0	0	0	29200.6	474
179	197	0	0	0	0	26522.1	475
177	198	0	0	0	0	22289.4	476
197	185	0	0	0	0	36382.5	477
192	177	0	0	0	0	34965.1	478
201	192	0	0	0	0	31905.3	479
189	197	0	0	0	0	29293.5	480
218	186	0	0	0	0	39003.0	481
191	169	0	0	0	0	22342.5	482
160	196	0	0	0	0	21296.1	483
185	184	0	0	0	0	27298.9	484
200	212	0	0	0	0	27950.1	485
198	200	0	0	0	0	24756.6	486
196	217	0	0	0	0	32843.0	487
205	203	0	0	0	0	35386.8	488
204	170	0	0	0	0	39961.8	489
166	191	0	0	0	0	20711.2	490
222	172	0	0	0	0	34325.2	491
183	214	0	0	0	0	29245.7	492
187	165	0	0	0	0	35155.2	493
195	199	0	0	0	0	23736.7	494
219	204	0	0	0	0	33317.9	495
184	193	0	0	0	0	34363.3	496
188	207	0	0	0	0	26306.6	497
190	194	0	0	0	0	24014.0	498
195	181	0	0	0	0	26968.7	499
187	189	0	0	0	0	23814.6	500
192	204	0	0	0	0	32067.9	501
197	190	0	0	0	0	24346.5	502
186	196	0	0	0	0	39774.0	503
200	186	0	0	0	0	26725.8	504
182	196	0	0	0	0	36851.9	505
182	195	0	0	0	0	22555.2	506
190	217	0	0	0	0	31575.0	507
195	200	0	0	0	0	30410.6	508
178	191	0	0	0	0	24304.9	509
186	201	0	0	0	0	24257.9	510
180	183	0	0	0	0	34755.8	511
167	184	0	0	0	0	29790.7	512
215	193	0	0	0	0	21322.8	513
176	176	0	0	0	0	26613.9	514
189	188	0	0	0	0	27661.4	515
179	201	0	0	0	0	22193.9	516
182	204	0	0	0	0	24206.6	517
190	177	0	0	0	0	38818.1	518
200	193	0	0	0	0	20247.6	519
205	198	0	0	0	0	32760.4	520
218	212	0	0	0	0	20326.1	521
178	211	0	0	0	0	23544.4	522
202	173	0	0	0	0	26153.0	523
180	212	0	0	0	0	23314.8	524
206	182	0	0	0	0	20303.1	525
223	206	0	0	0	0	21131.1	526
213	206	0	0	0	0	28752.6	527
160	193	0	0	0	0	23593.4	528
209	185	0	0	0	0	37813.9	529
203	192	0	0	0	0	28977.2	530
194	184	0	0	0	0	34941.4	531
187	218	0	0	0	0	20926.7	532
190	192	0	0	0	0	36226.1	533
196	162	0	0	0	0	22464.6	534
219	185	0	0	0	0	35647.8	535
179	223	0	0	0	0	31416.2	536
230	200	0	0	0	0	37151.3	537
201	203	0	0	0	0	37323.6	538
180	187	0	0	0	0	35350.5	539
193	214	0	0	0	0	34327.0	540
176	199	0	0	0	0	36759.1	541
201	181	0	0	0	0	27276.5	542
183	178	0	0	0	0	30770.5	543
206	201	0	0	0	0	24875.0	544
199	221	0	0	0	0	24748.2	545
193	204	0	0	0	0	25944.0	546
189	196	0	0	0	0	33002.5	547
214	179	0	0	0	0	24458.3	548
231	205	0	0	0	0	35689.5	549
203	193	0	0	0	0	28438.1	550
207	186	0	0	0	0	28867.0	551
210	195	0	0	0	0	33572.1	552
229	207	0	0	0	0	28547.2	553
180	233	0	0	0	0	30039.8	554
200	184	0	0	0	0	36670.8	555
218	202	0	0	0	0	35650.3	556
201	184	0	0	0	0	23512.5	557
195	206	0	0	0	0	23759.2	558
212	194	0	0	0	0	28434.0	559
220	200	0	0	0	0	21627.4	560
218	207	0	0	0	0	24866.2	561
196	204	0	0	0	0	21223.3	562
194	209	0	0	0	0	30085.4	563
204	184	0	0	0	0	38865.8	564
238	213	0	0	0	0	35981.8	565
206	209	0	0	0	0	23990.2	566
195	223	0	0	0	0	25661.7	567
200	169	0	0	0	0	34608.7	568
202	198	0	0	0	0	21847.2	569
202	190	0	0	0	0	35180.8	570
199	177	0	0	0	0	33581.1	571
204	201	0	0	0	0	33652.0	572
203	214	0	0	0	0	28976.3	573
192	194	0	0	0	0	22113.2	574
202	238	0	0	0	0	32850.8	575
203	228	0	0	0	0	29824.6	576
194	220	0	0	0	0	36034.8	577
230	221	0	0	0	0	29060.8	578
230	222	0	0	0	0	32429.9	579
212	228	0	0	0	0	25095.5	580
220	200	0	0	0	0	28192.5	581
202	204	0	0	0	0	33051.0	582
189	197	0	0	0	0	39098.6	583
193	212	0	0	0	0	29323.2	584
192	201	0	0	0	0	39818.1	585
185	217	0	0	0	0	27646.4	586
179	206	0	0	0	0	27287.8	587
197	181	0	0	0	0	39131.7	588
212	190	0	0	0	0	30645.4	589
173	205	0	0	0	0	32483.2	590
200	207	0	0	0	0	37278.5	591
202	227	0	0	0	0	39510.2	592
192	210	0	0	0	0	34305.3	593
210	208	0	0	0	0	29995.4	594
209	228	0	0	0	0	39212.0	595
213	198	0	0	0	0	39187.9	596
193	236	0	0	0	0	39190.3	597
228	194	0	0	0	0	32462.5	598
201	188	0	0	0	0	27489.4	599
206	218	0	0	0	0	26204.2	600
211	204	0	0	0	0	23782.5	601
179	207	0	0	0	0	22026.9	602
183	174	0	0	0	0	38810.2	603
212	239	0	0	0	0	26370.6	604
197	220	0	0	0	0	36966.2	605
213	212	0	0	0	0	34690.6	606
209	215	0	0	0	0	20498.5	607
199	213	0	0	0	0	22591.3	608
201	204	0	0	0	0	25676.3	609
201	178	0	0	0	0	22045.0	610
202	197	0	0	0	0	20806.4	611
201	190	0	0	0	0	24736.7	612
199	213	0	0	0	0	36936.9	613
208	187	0	0	0	0	24098.0	614
210	202	0	0	0	0	20598.6	615
194	192	0	0	0	0	32903.3	616
244	210	0	0	0	0	30386.9	617
171	192	0	0	0	0	36795.1	618
224	225	0	0	0	0	26592.6	619
220	208	0	0	0	0	37833.9	620
193	205	0	0	0	0	32045.5	621
231	220	0	0	0	0	22634.8	622
202	221	0	0	0	0	20947.4	623
214	191	0	0	0	0	36715.0	624
215	214	0	0	0	0	34980.4	625
206	214	0	0	0	0	31660.2	626
198	215	0	0	0	0	39627.0	627
183	207	0	0	0	0	20385.5	628
197	242	0	0	0	0	36024.8	629
211	193	0	0	0	0	26631.1	630
235	203	0	0	0	0	32983.2	631
204	252	0	0	0	0	29437.0	632
186	229	0	0	0	0	21825.5	633
186	222	0	0	0	0	23976.4	634
209	232	0	0	0	0	22017.5	635
184	245	0	0	0	0	34450.1	636
204	206	0	0	0	0	25007.7	637
197	219	0	0	0	0	38222.0	638
229	225	0	0	0	0	37019.0	639
174	182	0	0	0	0	34589.7	640
223	206	0	0	0	0	23119.8	641
200	229	0	0	0	0	32368.4	642
196	194	0	0	0	0	37696.5	643
250	216	0	0	0	0	23121.6	644
218	226	0	0	0	0	36924.5	645
221	226	0	0	0	0	29351.1	646
196	197	0	0	0	0	30200.9	647
199	179	0	0	0	0	21353.8	648
180	190	0	0	0	0	25352.0	649
216	213	0	0	0	0	29272.5	650
192	224	0	0	0	0	29339.9	651
223	200	0	0	0	0	25282.4	652
234	202	0	0	0	0	26718.1	653
175	239	0	0	0	0	29369.3	654
226	244	0	0	0	0	29534.9	655
221	199	0	0	0	0	34572.3	656
227	201	0	0	0	0	21107.1	657
211	214	0	0	0	0	28174.0	658
227	228	0	0	0	0	31657.9	659
214	196	0	0	0	0	21238.7	660
206	203	0	0	0	0	31429.3	661
192	170	0	0	0	0	33521.8	662
234	224	0	0	0	0	34917.5	663
205	250	0	0	0	0	24861.8	664
207	199	0	0	0	0	38185.4	665
215	201	0	0	0	0	38020.6	666
200	219	0	0	0	0	27932.8	667
209	198	0	0	0	0	27421.2	668
210	201	0	0	0	0	20909.8	669
189	218	0	0	0	0	35248.4	670
214	222	0	0	0	0	22765.5	671
227	220	0	0	0	0	34320.6	672
195	230	0	0	0	0	30271.5	673
198	219	0	0	0	0	36693.8	674
223	219	0	0	0	0	31407.2	675
202	193	0	0	0	0	21251.1	676
237	227	0	0	0	0	31843.6	677
184	208	0	0	0	0	20763.6	678
202	206	0	0	0	0	30033.0	679
229	199	0	0	0	0	24531.0	680
234	211	0	0	0	0	31313.7	681
210	239	0	0	0	0	29921.0	682
249	218	0	0	0	0	27488.5	683
213	220	0	0	0	0	35995.7	684
209	195	0	0	0	0	21324.6	685
240	188	0	0	0	0	30500.6	686
187	202	0	0	0	0	28917.5	687
192	231	0	0	0	0	38404.3	688
220	226	0	0	0	0	31966.4	689
241	234	0	0	0	0	34545.9	690
201	224	0	0	0	0	38950.2	691
219	199	0	0	0	0	29215.6	692
222	197	0	0	0	0	28185.2	693
220	213	0	0	0	0	32404.6	694
220	193	0	0	0	0	25809.0	695
207	208	0	0	0	0	22099.6	696
236	247	0	0	0	0	39839.4	697
231	226	0	0	0	0	30922.5	698
214	229	0	0	0	0	32798.6	699
205	206	0	0	0	0	21240.6	700
203	219	0	0	0	0	24549.1	701
204	249	0	0	0	0	31728.1	702
231	219	0	0	0	0	28962.6	703
214	229	0	0	0	0	23247.6	704
217	193	0	0	0	0	36652.6	705
222	213	0	0	0	0	23104.5	706
213	239	0	0	0	0	31548.9	707
191	243	0	0	0	0	26501.2	708
212	204	0	0	0	0	23609.5	709
195	220	0	0	0	0	24855.0	710
232	236	0	0	0	0	27839.8	711
216	210	0	0	0	0	28561.1	712
200	218	0	0	0	0	20670.9	713
195	208	0	0	0	0	26269.7	714
207	218	0	0	0	0	20434.9	715
238	205	0	0	0	0	36002.3	716
209	219	0	0	0	0	20892.4	717
211	224	0	0	0	0	28724.3	718
219	219	0	0	0	0	31618.5	719
226	224	0	0	0	0	26691.5	720
223	226	0	0	0	0	31881.4	721
221	229	0	0	0	0	22084.9	722
186	210	0	0	0	0	39469.8	723
232	225	0	0	0	0	38506.2	724
225	217	0	0	0	0	38070.3	725
207	230	0	0	0	0	27072.3	726
229	214	0	0	0	0	23480.8	727
219	186	0	0	0	0	29773.0	728
206	193	0	0	0	0	20209.3	729
238	206	0	0	0	0	35561.5	730
220	213	0	0	0	0	22725.6	731
225	199	0	0	0	0	36892.7	732
244	226	0	0	0	0	37851.0	733
218	233	0	0	0	0	30129.9	734
221	201	0	0	0	0	23895.3	735
212	216	0	0	0	0	39916.0	736
220	226	0	0	0	0	25416.4	737
220	210	0	0	0	0	27374.6	738
230	206	0	0	0	0	29537.1	739
216	241	0	0	0	0	34863.2	740
239	222	0	0	0	0	37039.7	741
203	218	0	0	0	0	24296.2	742
217	244	0	0	0	0	35726.2	743
206	194	0	0	0	0	34182.6	744
238	212	0	0	0	0	33903.5	745
214	241	0	0	0	0	30348.1	746
241	213	0	0	0	0	28187.8	747
223	223	0	0	0	0	35625.1	748
203	226	0	0	0	0	29437.8	749
247	224	0	0	0	0	38112.4	750
222	197	0	0	0	0	23618.1	751
249	194	0	0	0	0	31383.5	752
214	218	0	0	0	0	29664.2	753
218	225	0	0	0	0	28950.7	754
225	190	0	0	0	0	25104.2	755
232	204	0	0	0	0	20378.6	756
210	223	0	0	0	0	28608.7	757
222	245	0	0	0	0	25831.0	758
219	249	0	0	0	0	39009.2	759
216	217	0	0	0	0	32016.8	760
229	219	0	0	0	0	20648.9	761
245	222	0	0	0	0	35965.2	762
206	248	0	0	0	0	34496.6	763
222	232	0	0	0	0	26010.6	764
218	225	0	0	0	0	34434.6	765
223	241	0	0	0	0	23867.4	766
226	211	0	0	0	0	36374.3	767
225	248	0	0	0	0	21526.3	768
251	193	0	0	0	0	35090.5	769
235	219	0	0	0	0	20221.3	770
228	189	0	0	0	0	28094.6	771
210	242	0	0	0	0	31214.2	772
234	228	0	0	0	0	39822.6	773
209	223	0	0	0	0	39392.2	774
217	221	0	0	0	0	38515.1	775
237	225	0	0	0	0	27629.5	776
230	211	0	0	0	0	31239.4	777
254	246	0	0	0	0	39408.7	778
228	240	0	0	0	0	25151.8	779
259	246	0	0	0	0	24390.6	780
223	238	0	0	0	0	36704.7	781
209	223	0	0	0	0	37668.6	782
235	264	0	0	0	0	21245.3	783
237	230	0	0	0	0	32995.5	784
219	222	0	0	0	0	35292.5	785
229	232	0	0	0	0	35346.6	786
242	231	0	0	0	0	31476.0	787
219	215	0	0	0	0	29532.1	788
257	253	0	0	0	0	39069.6	789
237	225	0	0	0	0	35309.6	790
225	212	0	0	0	0	39446.1	791
223	222	0	0	0	0	26823.7	792
218	235	0	0	0	0	21522.5	793
232	230	0	0	0	0	30807.1	794
224	234	0	0	0	0	35421.7	795
243	210	0	0	0	0	37152.9	796
238	213	0	0	0	0	26305.6	797
263	227	0	0	0	0	23263.2	798
245	229	0	0	0	0	37123.8	799
226	229	0	0	0	0	30415.6	800
235	222	0	0	0	0	37839.0	801
218	248	0	0	0	0	22879.6	802
217	186	0	0	0	0	29332.4	803
239	204	0	0	0	0	32376.2	804
231	205	0	0	0	0	34364.5	805
250	227	0	0	0	0	26657.9	806
208	224	0	0	0	0	24028.6	807
217	198	0	0	0	0	25475.3	808
216	239	0	0	0	0	21274.8	809
212	230	0	0	0	0	20862.8	810
218	237	0	0	0	0	20094.3	811
234	241	0	0	0	0	20978.8	812
222	234	0	0	0	0	22438.4	813
222	230	0	0	0	0	25066.8	814
252	229	0	0	0	0	32665.0	815
228	254	0	0	0	0	33413.2	816
239	255	0	0	0	0	26307.4	817
234	225	0	0	0	0	38748.9	818
249	249	0	0	0	0	35945.8	819
220	232	0	0	0	0	31093.7	820
216	226	0	0	0	0	26611.3	821
239	209	0	0	0	0	37157.9	822
236	243	0	0	0	0	26219.3	823
238	219	0	0	0	0	37342.1	824
248	219	0	0	0	0	32903.9	825
216	217	0	0	0	0	38558.0	826
227	205	0	0	0	0	30586.2	827
217	220	0	0	0	0	32390.0	828
234	216	0	0	0	0	29154.9	829
242	229	0	0	0	0	35432.6	830
240	229	0	0	0	0	29267.1	831
239	234	0	0	0	0	24754.0	832
219	240	0	0	0	0	26375.4	833
242	210	0	0	0	0	22394.9	834
237	230	0	0	0	0	39533.8	835
249	238	0	0	0	0	22701.7	836
193	197	0	0	0	0	36306.9	837
248	231	0	0	0	0	35468.8	838
224	241	0	0	0	0	21329.8	839
229	232	0	0	0	0	38286.7	840
232	234	0	0	0	0	31507.5	841
250	231	0	0	0	0	28234.8	842
238	217	0	0	0	0	24024.8	843
236	261	0	0	0	0	27675.4	844
267	229	0	0	0	0	28049.2	845
266	221	0	0	0	0	33743.1	846
254	199	0	0	0	0	37138.5	847
222	231	0	0	0	0	38827.5	848
238	222	0	0	0	0	20318.8	849
215	222	0	0	0	0	37977.9	850
210	202	0	0	0	0	20066.9	851
244	196	0	0	0	0	29921.7	852
233	214	0	0	0	0	38029.8	853
240	232	0	0	0	0	37498.8	854
263	219	0	0	0	0	35084.6	855
216	223	0	0	0	0	39955.5	856
234	242	0	0	0	0	32095.8	857
245	217	0	0	0	0	28982.5	858
247	215	0	0	0	0	24010.3	859
229	267	0	0	0	0	23450.2	860
238	226	0	0	0	0	33713.8	861
251	221	0	0	0	0	22527.7	862
243	224	0	0	0	0	29131.3	863
231	223	0	0	0	0	32631.1	864
238	253	0	0	0	0	24209.5	865
219	234	0	0	0	0	38758.1	866
255	241	0	0	0	0	33154.7	867
222	223	0	0	0	0	23518.7	868
225	235	0	0	0	0	34405.0	869
227	236	0	0	0	0	26867.8	870
264	229	0	0	0	0	29144.5	871
228	249	0	0	0	0	23467.4	872
240	231	0	0	0	0	32702.5	873
232	227	0	0	0	0	28645.8	874
195	243	0	0	0	0	22882.2	875
262	236	0	0	0	0	23534.7	876
235	238	0	0	0	0	34094.0	877
253	228	0	0	0	0	28634.4	878
244	245	0	0	0	0	21540.5	879
238	232	0	0	0	0	25717.5	880
229	251	0	0	0	0	31476.0	881
259	230	0	0	0	0	27929.2	882
255	219	0	0	0	0	37126.9	883
230	219	0	0	0	0	29364.8	884
265	242	0	0	0	0	36002.1	885
270	251	0	0	0	0	32529.1	886
227	232	0	0	0	0	22054.6	887
250	262	0	0	0	0	23392.3	888
243	242	0	0	0	0	24805.9	889
231	233	0	0	0	0	33187.3	890
260	233	0	0	0	0	36325.6	891
240	246	0	0	0	0	26659.6	892
240	259	0	0	0	0	25696.9	893
233	223	0	0	0	0	37723.2	894
222	266	0	0	0	0	38059.0	895
270	248	0	0	0	0	24025.8	896
244	222	0	0	0	0	30788.5	897
248	244	0	0	0	0	35018.2	898
233	253	0	0	0	0	31335.9	899
248	245	0	0	0	0	21916.7	900
222	219	0	0	0	0	20810.2	901
240	233	0	0	0	0	35651.8	902
237	230	0	0	0	0	30999.2	903
244	238	0	0	0	0	26878.2	904
237	257	0	0	0	0	35374.6	905
230	210	0	0	0	0	28943.9	906
225	257	0	0	0	0	23071.9	907
237	270	0	0	0	0	22464.3	908
225	253	0	0	0	0	35148.6	909
248	232	0	0	0	0	37313.8	910
219	228	0	0	0	0	20806.8	911
238	260	0	0	0	0	27737.7	912
227	228	0	0	0	0	36075.9	913
266	243	0	0	0	0	35439.6	914
233	257	0	0	0	0	32391.5	915
238	225	0	0	0	0	26476.6	916
243	234	0	0	0	0	37902.9	917
252	247	0	0	0	0	32513.4	918
228	255	0	0	0	0	38255.5	919
220	230	0	0	0	0	39563.8	920
222	241	0	0	0	0	22366.1	921
244	242	0	0	0	0	39341.0	922
231	228	0	0	0	0	36996.9	923
265	251	0	0	0	0	27083.6	924
202	226	0	0	0	0	35399.0	925
221	262	0	0	0	0	36511.8	926
245	239	0	0	0	0	34562.4	927
245	234	0	0	0	0	36285.0	928
258	266	0	0	0	0	27412.7	929
256	230	0	0	0	0	33231.0	930
238	222	0	0	0	0	39440.4	931
234	216	0	0	0	0	27137.8	932
265	278	0	0	0	0	33961.5	933
245	252	0	0	0	0	32948.0	934
242	242	0	0	0	0	22943.0	935
247	243	0	0	0	0	38032.7	936
259	253	0	0	0	0	20694.6	937
268	252	0	0	0	0	36431.3	938
248	239	0	0	0	0	24598.3	939
230	266	0	0	0	0	39823.2	940
230	260	0	0	0	0	24850.5	941
236	252	0	0	0	0	33026.2	942
218	248	0	0	0	0	37847.5	943
228	233	0	0	0	0	24316.1	944
228	231	0	0	0	0	29028.1	945
230	246	0	0	0	0	30600.8	946
238	227	0	0	0	0	21267.7	947
257	234	0	0	0	0	30470.1	948
260	267	0	0	0	0	21022.7	949
246	225	0	0	0	0	27436.9	950
218	265	0	0	0	0	35977.5	951
225	252	0	0	0	0	25685.2	952
242	282	0	0	0	0	27449.2	953
261	227	0	0	0	0	25355.2	954
208	252	0	0	0	0	35209.0	955
251	254	0	0	0	0	22690.1	956
256	208	0	0	0	0	35746.2	957
216	259	0	0	0	0	32443.4	958
258	231	0	0	0	0	27270.9	959
230	281	0	0	0	0	29765.5	960
246	234	0	0	0	0	37924.3	961
251	221	0	0	0	0	37641.4	962
254	260	0	0	0	0	29601.7	963
249	225	0	0	0	0	27808.0	964
216	219	0	0	0	0	35747.3	965
258	247	0	0	0	0	22074.9	966
242	259	0	0	0	0	27997.9	967
221	244	0	0	0	0	32988.6	968
234	232	0	0	0	0	30034.7	969
256	249	0	0	0	0	28144.5	970
221	227	0	0	0	0	38445.4	971
245	237	0	0	0	0	38224.0	972
246	268	0	0	0	0	24687.5	973
216	245	0	0	0	0	28197.6	974
253	236	0	0	0	0	34135.9	975
216	223	0	0	0	0	37035.2	976
250	270	0	0	0	0	39888.7	977
240	249	0	0	0	0	30412.0	978
246	266	0	0	0	0	27633.8	979
261	251	0	0	0	0	34421.6	980
243	270	0	0	0	0	26432.1	981
252	277	0	0	0	0	23770.1	982
251	225	0	0	0	0	32437.8	983
259	269	0	0	0	0	23858.5	984
243	255	0	0	0	0	28962.3	985
234	251	0	0	0	0	32394.9	986
261	250	0	0	0	0	26005.7	987
253	245	0	0	0	0	32539.0	988
251	253	0	0	0	0	37323.9	989
249	274	0	0	0	0	39751.8	990
205	252	0	0	0	0	22367.8	991
245	232	0	0	0	0	39794.7	992
243	267	0	0	0	0	32562.9	993
238	247	0	0	0	0	38573.6	994
223	237	0	0	0	0	20758.8	995
255	261	0	0	0	0	28360.7	996
256	260	0	0	0	0	29358.9	997
212	241	0	0	0	0	29536.8	998
240	245	0	0	0	0	35646.4	999
252	255	0	0	0	0	26018.5	1000
262	262	0	0	0	0	24739.7	1001
242	249	0	0	0	0	25595.2	1002
259	216	0	0	0	0	31018.9	1003
249	220	0	0	0	0	35434.8	1004
221	216	0	0	0	0	38259.7	1005
246	229	0	0	0	0	24202.9	1006
253	245	0	0	0	0	33059.3	1007
238	266	0	0	0	0	36589.3	1008
225	226	0	0	0	0	25791.8	1009
258	260	0	0	0	0	32029.8	1010
255	244	0	0	0	0	23483.8	1011
275	250	0	0	0	0	28830.9	1012
234	253	0	0	0	0	22382.7	1013
260	232	0	0	0	0	23295.2	1014
252	225	0	0	0	0	33064.4	1015
273	240	0	0	0	0	39591.9	1016
244	251	0	0	0	0	22699.7	1017
268	261	0	0	0	0	27595.7	1018
244	259	0	0	0	0	26393.1	1019
242	211	0	0	0	0	35878.7	1020
219	234	0	0	0	0	37899.1	1021
217	228	0	0	0	0	33545.6	1022
260	238	0	0	0	0	30321.2	1023
267	250	0	0	0	0	38486.2	1024
222	265	0	0	0	0	26049.6	1025
268	235	0	0	0	0	24078.8	1026
261	268	0	0	0	0	39133.8	1027
262	275	0	0	0	0	36467.1	1028
216	248	0	0	0	0	32117.6	1029
264	258	0	0	0	0	38096.7	1030
253	217	0	0	0	0	30119.6	1031
253	249	0	0	0	0	23598.0	1032
216	220	0	0	0	0	25307.5	1033
256	255	0	0	0	0	29516.8	1034
244	220	0	0	0	0	35506.9	1035
264	259	0	0	0	0	37003.2	1036
233	267	0	0	0	0	21142.4	1037
264	262	0	0	0	0	21276.9	1038
246	247	0	0	0	0	27738.7	1039
249	250	0	0	0	0	30311.7	1040
216	236	0	0	0	0	30301.8	1041
279	231	0	0	0	0	33581.9	1042
223	233	0	0	0	0	38094.3	1043
227	249	0	0	0	0	31101.2	1044
227	267	0	0	0	0	20181.7	1045
243	263	0	0	0	0	36245.6	1046
241	247	0	0	0	0	31609.5	1047
247	265	0	0	0	0	34588.5	1048
245	246	0	0	0	0	37892.7	1049
241	234	0	0	0	0	32490.1	1050
240	236	0	0	0	0	37005.1	1051
255	260	0	0	0	0	21398.1	1052
229	219	0	0	0	0	32539.0	1053
243	242	0	0	0	0	27991.4	1054
240	231	0	0	0	0	23163.5	1055
218	235	0	0	0	0	25977.7	1056
224	235	0	0	0	0	36299.9	1057
219	234	0	0	0	0	37720.6	1058
226	222	0	0	0	0	23226.0	1059
222	233	0	0	0	0	27887.7	1060
236	252	0	0	0	0	34717.2	1061
233	242	0	0	0	0	34002.7	1062
252	233	0	0	0	0	26711.3	1063
245	252	0	0	0	0	27207.8	1064
251	248	0	0	0	0	39025.9	1065
228	232	0	0	0	0	37038.2	1066
231	243	0	0	0	0	33162.8	1067
252	257	0	0	0	0	21502.7	1068
262	241	0	0	0	0	29152.8	1069
247	215	0	0	0	0	25052.8	1070
263	228	0	0	0	0	36773.8	1071
234	232	0	0	0	0	30009.5	1072
228	234	0	0	0	0	36739.4	1073
241	222	0	0	0	0	26084.3	1074
236	235	0	0	0	0	23955.5	1075
223	207	0	0	0	0	32863.4	1076
242	260	0	0	0	0	27341.6	1077
240	236	0	0	0	0	33588.4	1078
243	276	0	0	0	0	24642.1	1079
234	279	0	0	0	0	34192.3	1080
254	249	0	0	0	0	25855.5	1081
230	220	0	0	0	0	35423.1	1082
253	254	0	0	0	0	34546.4	1083
246	239	0	0	0	0	39538.5	1084
232	242	0	0	0	0	29881.4	1085
237	230	0	0	0	0	31834.9	1086
235	229	0	0	0	0	32823.9	1087
250	236	0	0	0	0	33991.7	1088
244	239	0	0	0	0	22228.9	1089
236	263	0	0	0	0	22130.0	1090
242	229	0	0	0	0	33414.8	1091
240	240	0	0	0	0	22087.6	1092
263	230	0	0	0	0	33137.6	1093
239	260	0	0	0	0	33752.6	1094
252	227	0	0	0	0	29457.5	1095
265	240	0	0	0	0	26244.2	1096
247	271	0	0	0	0	33273.7	1097
236	222	0	0	0	0	36360.6	1098
240	228	0	0	0	0	34532.3	1099
238	215	0	0	0	0	21440.9	1100
239	250	0	0	0	0	28515.4	1101
263	254	0	0	0	0	32498.8	1102
245	239	0	0	0	0	30162.0	1103
234	261	0	0	0	0	26896.7	1104
227	264	0	0	0	0	30971.4	1105
235	246	0	0	0	0	25271.5	1106
256	231	0	0	0	0	39293.0	1107
244	255	0	0	0	0	36814.5	1108
244	249	0	0	0	0	34034.4	1109
221	228	0	0	0	0	29972.0	1110
229	235	0	0	0	0	35484.5	1111
226	211	0	0	0	0	34361.0	1112
240	228	0	0	0	0	36316.0	1113
258	252	0	0	0	0	23623.0	1114
223	233	0	0	0	0	24732.3	1115
222	250	0	0	0	0	33893.3	1116
252	255	0	0	0	0	25117.5	1117
222	223	0	0	0	0	22460.8	1118
225	211	0	0	0	0	29383.6	1119
245	241	0	0	0	0	29639.8	1120
211	243	0	0	0	0	30401.2	1121
230	246	0	0	0	0	25865.9	1122
255	241	0	0	0	0	21107.2	1123
233	217	0	0	0	0	20653.2	1124
239	263	0	0	0	0	23394.6	1125
232	234	0	0	0	0	29607.3	1126
235	203	0	0	0	0	22425.8	1127
257	237	0	0	0	0	33602.1	1128
237	237	0	0	0	0	32957.2	1129
228	222	0	0	0	0	26511.1	1130
232	249	0	0	0	0	23973.3	1131
212	235	0	0	0	0	29129.6	1132
241	252	0	0	0	0	37350.6	1133
222	213	0	0	0	0	20313.7	1134
220	231	0	0	0	0	20012.4	1135
238	226	0	0	0	0	33819.5	1136
220	255	0	0	0	0	33779.7	1137
229	214	0	0	0	0	21934.4	1138
201	232	0	0	0	0	34988.1	1139
254	230	0	0	0	0	31022.1	1140
252	242	0	0	0	0	32584.9	1141
218	246	0	0	0	0	38199.7	1142
229	245	0	0	0	0	37114.2	1143
230	205	0	0	0	0	27226.2	1144
243	269	0	0	0	0	32623.3	1145
246	228	0	0	0	0	22653.1	1146
225	256	0	0	0	0	23037.5	1147
243	240	0	0	0	0	33467.8	1148
245	232	0	0	0	0	30338.7	1149
236	225	0	0	0	0	20800.5	1150
221	210	0	0	0	0	39810.6	1151
225	209	0	0	0	0	23475.6	1152
237	220	0	0	0	0	32679.7	1153
242	231	0	0	0	0	33011.4	1154
226	248	0	0	0	0	34340.9	1155
229	260	0	0	0	0	33053.5	1156
247	234	0	0	0	0	21702.3	1157
236	225	0	0	0	0	20835.5	1158
227	255	0	0	0	0	31200.0	1159
244	222	0	0	0	0	27387.1	1160
252	219	0	0	0	0	30940.7	1161
265	242	0	0	0	0	26739.8	1162
220	209	0	0	0	0	25198.3	1163
230	210	0	0	0	0	28265.1	1164
242	212	0	0	0	0	35969.2	1165
224	237	0	0	0	0	38267.5	1166
226	237	0	0	0	0	33104.5	1167
199	220	0	0	0	0	23942.3	1168
236	255	0	0	0	0	23111.4	1169
227	238	0	0	0	0	26091.5	1170
219	248	0	0	0	0	29781.8	1171
213	256	0	0	0	0	31319.6	1172
243	217	0	0	0	0	25326.7	1173
237	241	0	0	0	0	23316.7	1174
220	199	0	0	0	0	28266.0	1175
220	243	0	0	0	0	22643.1	1176
220	228	0	0	0	0	37622.0	1177
226	230	0	0	0	0	33263.3	1178
224	240	0	0	0	0	33625.4	1179
234	223	0	0	0	0	37742.0	1180
225	212	0	0	0	0	38932.3	1181
227	213	0	0	0	0	33961.5	1182
236	212	0	0	0	0	39899.8	1183
229	235	0	0	0	0	34664.0	1184
228	196	0	0	0	0	20126.1	1185
236	215	0	0	0	0	39519.3	1186
222	222	0	0	0	0	27269.8	1187
227	247	0	0	0	0	36555.1	1188
237	233	0	0	0	0	31296.9	1189
235	226	0	0	0	0	29457.4	1190
212	252	0	0	0	0	20588.9	1191
220	237	0	0	0	0	32428.5	1192
250	201	0	0	0	0	24933.9	1193
232	226	0	0	0	0	26053.7	1194
213	249	0	0	0	0	35812.2	1195
232	232	0	0	0	0	33719.4	1196
209	219	0	0	0	0	24667.7	1197
235	237	0	0	0	0	23226.1	1198
207	192	0	0	0	0	39988.6	1199
222	237	0	0	0	0	29072.0	1200
222	237	0	0	0	0	23395.4	1201
231	230	0	0	0	0	23165.7	1202
221	239	0	0	0	0	38757.4	1203
214	232	0	0	0	0	39062.1	1204
232	234	0	0	0	0	27041.2	1205
239	215	0	0	0	0	22773.7	1206
231	247	0	0	0	0	32150.4	1207
219	218	0	0	0	0	36238.3	1208
220	209	0	0	0	0	39669.3	1209
197	235	0	0	0	0	26052.9	1210
238	232	0	0	0	0	39845.2	1211
216	231	0	0	0	0	21934.3	1212
223	245	0	0	0	0	39689.5	1213
196	215	0	0	0	0	33475.9	1214
217	229	0	0	0	0	35004.8	1215
221	216	0	0	0	0	26058.7	1216
247	238	0	0	0	0	20833.8	1217
214	240	0	0	0	0	20738.5	1218
210	250	0	0	0	0	20899.2	1219
229	235	0	0	0	0	31174.5	1220
223	247	0	0	0	0	24539.2	1221
219	221	0	0	0	0	23820.0	1222
227	235	0	0	0	0	34884.8	1223
213	209	0	0	0	0	22207.3	1224
219	235	0	0	0	0	25383.3	1225
221	231	0	0	0	0	25711.9	1226
207	238	0	0	0	0	27436.4	1227
246	205	0	0	0	0	32249.7	1228
194	238	0	0	0	0	28348.2	1229
218	220	0	0	0	0	23196.8	1230
216	192	0	0	0	0	29862.3	1231
225	210	0	0	0	0	23503.8	1232
208	222	0	0	0	0	29569.0	1233
234	215	0	0	0	0	33531.6	1234
208	240	0	0	0	0	25720.8	1235
223	217	0	0	0	0	28653.5	1236
208	213	0	0	0	0	36965.7	1237
225	260	0	0	0	0	20216.8	1238
222	250	0	0	0	0	33843.6	1239
234	222	0	0	0	0	37627.1	1240
207	253	0	0	0	0	27613.7	1241
208	219	0	0	0	0	37751.6	1242
208	229	0	0	0	0	33639.0	1243
249	220	0	0	0	0	27136.5	1244
201	217	0	0	0	0	25718.5	1245
236	216	0	0	0	0	26763.7	1246
204	213	0	0	0	0	35285.4	1247
208	215	0	0	0	0	29192.5	1248
239	215	0	0	0	0	30258.9	1249
223	242	0	0	0	0	28629.9	1250
236	232	0	0	0	0	36596.2	1251
231	203	0	0	0	0	22730.5	1252
215	212	0	0	0	0	39138.4	1253
226	230	0	0	0	0	33624.7	1254
222	207	0	0	0	0	29826.5	1255
218	233	0	0	0	0	32232.4	1256
238	216	0	0	0	0	26717.3	1257
216	235	0	0	0	0	38029.3	1258
230	215	0	0	0	0	20099.6	1259
202	230	0	0	0	0	30092.2	1260
238	214	0	0	0	0	33204.0	1261
228	230	0	0	0	0	28064.7	1262
217	222	0	0	0	0	37678.9	1263
219	191	0	0	0	0	27898.1	1264
230	185	0	0	0	0	29541.1	1265
215	210	0	0	0	0	24785.6	1266
221	215	0	0	0	0	36387.0	1267
221	217	0	0	0	0	20861.3	1268
223	206	0	0	0	0	23114.5	1269
227	219	0	0	0	0	21294.3	1270
209	219	0	0	0	0	30256.0	1271
219	215	0	0	0	0	20230.8	1272
244	201	0	0	0	0	20195.0	1273
220	223	0	0	0	0	36270.8	1274
202	220	0	0	0	0	35422.0	1275
212	223	0	0	0	0	39801.7	1276
239	199	0	0	0	0	24970.8	1277
195	200	0	0	0	0	34393.8	1278
229	208	0	0	0	0	23516.0	1279
222	201	0	0	0	0	34846.6	1280
229	218	0	0	0	0	35958.4	1281
242	244	0	0	0	0	28988.5	1282
216	208	0	0	0	0	28392.0	1283
232	239	0	0	0	0	26005.7	1284
237	214	0	0	0	0	28589.7	1285
242	239	0	0	0	0	29222.5	1286
233	220	0	0	0	0	24411.1	1287
214	207	0	0	0	0	27558.9	1288
199	222	0	0	0	0	24461.6	1289
236	234	0	0	0	0	32779.3	1290
196	216	0	0	0	0	21581.6	1291
202	223	0	0	0	0	26720.1	1292
230	201	0	0	0	0	20741.0	1293
209	199	0	0	0	0	23596.4	1294
218	213	0	0	0	0	20342.7	1295
228	214	0	0	0	0	29104.8	1296
226	219	0	0	0	0	35098.1	1297
229	201	0	0	0	0	25338.6	1298
196	214	0	0	0	0	30791.5	1299
216	201	0	0	0	0	35528.7	1300
237	216	0	0	0	0	20456.6	1301
228	202	0	0	0	0	21082.9	1302
197	213	0	0	0	0	34047.9	1303
215	193	0	0	0	0	27224.1	1304
194	209	0	0	0	0	38131.1	1305
202	224	0	0	0	0	29570.6	1306
190	211	0	0	0	0	35227.7	1307
204	203	0	0	0	0	27029.4	1308
181	217	0	0	0	0	27942.0	1309
207	202	0	0	0	0	35473.8	1310
227	216	0	0	0	0	25077.5	1311
200	214	0	0	0	0	20147.3	1312
236	206	0	0	0	0	27969.6	1313
223	226	0	0	0	0	33785.4	1314
222	200	0	0	0	0	35925.7	1315
240	231	0	0	0	0	31614.2	1316
227	216	0	0	0	0	37356.5	1317
216	214	0	0	0	0	33336.3	1318
221	203	0	0	0	0	23976.2	1319
224	202	0	0	0	0	39270.1	1320
215	206	0	0	0	0	36368.2	1321
214	213	0	0	0	0	28335.5	1322
217	208	0	0	0	0	30290.3	1323
223	214	0	0	0	0	22215.4	1324
205	195	0	0	0	0	33561.7	1325
208	203	0	0	0	0	25498.4	1326
210	211	0	0	0	0	33151.1	1327
207	211	0	0	0	0	26930.0	1328
196	229	0	0	0	0	26076.3	1329
221	213	0	0	0	0	24604.3	1330
183	200	0	0	0	0	36753.2	1331
203	205	0	0	0	0	32894.9	1332
214	221	0	0	0	0	26381.3	1333
215	212	0	0	0	0	31378.7	1334
219	227	0	0	0	0	29927.2	1335
213	203	0	0	0	0	38925.9	1336
198	219	0	0	0	0	24925.0	1337
207	210	0	0	0	0	33526.6	1338
232	225	0	0	0	0	34177.8	1339
210	189	0	0	0	0	36132.9	1340
199	225	0	0	0	0	32554.2	1341
206	215	0	0	0	0	30185.6	1342
190	207	0	0	0	0	27760.1	1343
204	197	0	0	0	0	24367.7	1344
211	216	0	0	0	0	39763.2	1345
239	236	0	0	0	0	26386.4	1346
206	252	0	0	0	0	20061.0	1347
208	191	0	0	0	0	37451.6	1348
222	200	0	0	0	0	21565.6	1349
223	230	0	0	0	0	33850.0	1350
238	195	0	0	0	0	36327.0	1351
207	223	0	0	0	0	34392.5	1352
200	227	0	0	0	0	27592.3	1353
207	210	0	0	0	0	33793.8	1354
196	230	0	0	0	0	27136.1	1355
219	209	0	0	0	0	30856.7	1356
195	206	0	0	0	0	33935.0	1357
212	240	0	0	0	0	38443.5	1358
214	221	0	0	0	0	32283.0	1359
202	187	0	0	0	0	24566.8	1360
200	207	0	0	0	0	26950.7	1361
223	206	0	0	0	0	28253.1	1362
199	195	0	0	0	0	37811.1	1363
202	212	0	0	0	0	25855.1	1364
200	227	0	0	0	0	34822.4	1365
187	223	0	0	0	0	36816.8	1366
197	205	0	0	0	0	24296.2	1367
232	199	0	0	0	0	38582.0	1368
217	223	0	0	0	0	38182.6	1369
193	216	0	0	0	0	24508.6	1370
195	191	0	0	0	0	31650.6	1371
179	207	0	0	0	0	32905.2	1372
213	223	0	0	0	0	36093.0	1373
192	217	0	0	0	0	27759.6	1374
196	197	0	0	0	0	22760.6	1375
237	196	0	0	0	0	35770.9	1376
200	208	0	0	0	0	27198.9	1377
197	202	0	0	0	0	36427.1	1378
212	183	0	0	0	0	33319.0	1379
215	216	0	0	0	0	25940.8	1380
171	192	0	0	0	0	39966.2	1381
224	219	0	0	0	0	25363.4	1382
204	215	0	0	0	0	32034.4	1383
217	210	0	0	0	0	34763.1	1384
193	211	0	0	0	0	32466.4	1385
209	207	0	0	0	0	24012.3	1386
211	203	0	0	0	0	29516.5	1387
222	199	0	0	0	0	21929.0	1388
198	184	0	0	0	0	39021.1	1389
187	209	0	0	0	0	30492.2	1390
201	204	0	0	0	0	27494.9	1391
201	223	0	0	0	0	37789.3	1392
211	199	0	0	0	0	35374.3	1393
189	184	0	0	0	0	22845.1	1394
205	224	0	0	0	0	30457.7	1395
196	193	0	0	0	0	36349.3	1396
188	224	0	0	0	0	23615.2	1397
193	183	0	0	0	0	22197.6	1398
189	185	0	0	0	0	22416.2	1399
206	193	0	0	0	0	26425.9	1400
187	214	0	0	0	0	20309.1	1401
217	212	0	0	0	0	25575.7	1402
215	206	0	0	0	0	38660.3	1403
173	224	0	0	0	0	35244.3	1404
200	191	0	0	0	0	27542.6	1405
228	212	0	0	0	0	31355.6	1406
194	209	0	0	0	0	20473.5	1407
198	207	0	0	0	0	29482.9	1408
213	219	0	0	0	0	22187.8	1409
192	218	0	0	0	0	36159.5	1410
191	230	0	0	0	0	27461.2	1411
215	213	0	0	0	0	24957.8	1412
211	190	0	0	0	0	37894.7	1413
188	210	0	0	0	0	23279.3	1414
201	224	0	0	0	0	21582.4	1415
216	206	0	0	0	0	23804.2	1416
199	173	0	0	0	0	28183.9	1417
195	202	0	0	0	0	37186.5	1418
168	207	0	0	0	0	21072.2	1419
188	227	0	0	0	0	38064.4	1420
193	214	0	0	0	0	25595.0	1421
183	187	0	0	0	0	27710.9	1422
197	204	0	0	0	0	30641.9	1423
183	201	0	0	0	0	32366.1	1424
216	195	0	0	0	0	31139.2	1425
195	227	0	0	0	0	20814.1	1426
205	182	0	0	0	0	25997.8	1427
190	196	0	0	0	0	33525.4	1428
207	220	0	0	0	0	38135.8	1429
187	193	0	0	0	0	26622.8	1430
194	213	0	0	0	0	21473.8	1431
202	199	0	0	0	0	27622.3	1432
203	200	0	0	0	0	37612.3	1433
211	202	0	0	0	0	23742.0	1434
186	193	0	0	0	0	29420.0	1435
208	215	0	0	0	0	22307.4	1436
180	218	0	0	0	0	39400.9	1437
192	196	0	0	0	0	36613.3	1438
211	212	0	0	0	0	36150.2	1439
224	184	0	0	0	0	35766.0	1440
231	201	0	0	0	0	32760.2	1441
195	184	0	0	0	0	26438.9	1442
186	201	0	0	0	0	30357.6	1443
189	208	0	0	0	0	38844.1	1444
191	220	0	0	0	0	23060.8	1445
186	197	0	0	0	0	29825.1	1446
192	207	0	0	0	0	31855.0	1447
212	202	0	0	0	0	27433.1	1448
190	202	0	0	0	0	25068.2	1449
206	212	0	0	0	0	25705.6	1450
191	209	0	0	0	0	23982.3	1451
199	215	0	0	0	0	20487.1	1452
196	185	0	0	0	0	27639.9	1453
217	210	0	0	0	0	29076.2	1454
208	200	0	0	0	0	30992.2	1455
219	212	0	0	0	0	21190.7	1456
181	195	0	0	0	0	23932.3	1457
204	209	0	0	0	0	28399.8	1458
205	193	0	0	0	0	21076.0	1459
203	211	0	0	0	0	28906.5	1460
166	193	0	0	0	0	21487.9	1461
192	179	0	0	0	0	29508.5	1462
210	206	0	0	0	0	36190.8	1463
223	181	0	0	0	0	31020.5	1464
195	191	0	0	0	0	21412.9	1465
228	187	0	0	0	0	27311.9	1466
200	182	0	0	0	0	38026.8	1467
211	233	0	0	0	0	33374.2	1468
210	200	0	0	0	0	23328.6	1469
202	200	0	0	0	0	26138.5	1470
172	208	0	0	0	0	35591.2	1471
189	198	0	0	0	0	37960.8	1472
212	210	0	0	0	0	31081.1	1473
214	219	0	0	0	0	27167.6	1474
207	193	0	0	0	0	22724.3	1475
193	203	0	0	0	0	34327.2	1476
174	224	0	0	0	0	34998.2	1477
188	215	0	0	0	0	32000.7	1478
228	200	0	0	0	0	21430.5	1479
196	198	0	0	0	0	34854.7	1480
218	173	0	0	0	0	30934.0	1481
202	205	0	0	0	0	34141.2	1482
203	191	0	0	0	0	29098.3	1483
231	221	0	0	0	0	27930.5	1484
184	175	0	0	0	0	35426.8	1485
182	193	0	0	0	0	39341.3	1486
196	190	0	0	0	0	24785.9	1487
208	183	0	0	0	0	38364.5	1488
193	216	0	0	0	0	23877.4	1489
203	208	0	0	0	0	27270.4	1490
191	206	0	0	0	0	24053.4	1491
201	193	0	0	0	0	21990.9	1492
195	216	0	0	0	0	22948.4	1493
191	196	0	0	0	0	37084.7	1494
193	195	0	0	0	0	21709.5	1495
179	163	0	0	0	0	24970.7	1496
197	181	0	0	0	0	29461.0	1497
187	208	0	0	0	0	37585.4	1498
200	204	0	0	0	0	27647.5	1499
197	212	0	0	0	0	23642.1	1500
202	213	0	0	0	0	38614.6	1501
196	182	0	0	0	0	37677.4	1502
197	191	0	0	0	0	29261.3	1503
200	199	0	0	0	0	26376.8	1504
197	187	0	0	0	0	33992.0	1505
203	208	0	0	0	0	34344.9	1506
198	204	0	0	0	0	33241.6	1507
177	191	0	0	0	0	33834.1	1508
195	191	0	0	0	0	22595.0	1509
182	206	0	0	0	0	23774.8	1510
160	176	0	0	0	0	27832.0	1511
193	162	0	0	0	0	35331.8	1512
192	201	0	0	0	0	39071.1	1513
189	154	0	0	0	0	27431.5	1514
165	200	0	0	0	0	25741.5	1515
188	179	0	0	0	0	25462.3	1516
198	180	0	0	0	0	23154.3	1517
201	213	0	0	0	0	25982.9	1518
197	194	0	0	0	0	32471.5	1519
225	184	0	0	0	0	27340.8	1520
190	201	0	0	0	0	37446.2	1521
184	189	0	0	0	0	27580.5	1522
185	205	0	0	0	0	35198.2	1523
173	200	0	0	0	0	26961.2	1524
184	209	0	0	0	0	21558.1	1525
194	192	0	0	0	0	34886.5	1526
188	186	0	0	0	0	20923.9	1527
192	210	0	0	0	0	32968.5	1528
178	175	0	0	0	0	33924.8	1529
181	191	0	0	0	0	33618.2	1530
198	196	0	0	0	0	31740.5	1531
216	192	0	0	0	0	39350.1	1532
180	194	0	0	0	0	26065.1	1533
182	199	0	0	0	0	37843.3	1534
195	205	0	0	0	0	38815.3	1535
188	195	0	0	0	0	30917.3	1536
209	193	0	0	0	0	39808.0	1537
189	197	0	0	0	0	26086.8	1538
183	189	0	0	0	0	32282.5	1539
176	170	0	0	0	0	23005.3	1540
195	176	0	0	0	0	37155.2	1541
198	170	0	0	0	0	35505.2	1542
217	182	0	0	0	0	35657.4	1543
211	179	0	0	0	0	37848.5	1544
180	199	0	0	0	0	31934.5	1545
194	207	0	0	0	0	25768.4	1546
174	196	0	0	0	0	27610.0	1547
204	204	0	0	0	0	34251.2	1548
173	183	0	0	0	0	34481.7	1549
199	204	0	0	0	0	24007.7	1550
176	182	0	0	0	0	25180.5	1551
151	193	0	0	0	0	29106.1	1552
201	201	0	0	0	0	39197.1	1553
193	183	0	0	0	0	39353.1	1554
185	194	0	0	0	0	25267.2	1555
164	180	0	0	0	0	31731.4	1556
168	183	0	0	0	0	38632.6	1557
205	198	0	0	0	0	26014.0	1558
196	223	0	0	0	0	36756.3	1559
179	178	0	0	0	0	27420.5	1560
180	181	0	0	0	0	25215.8	1561
217	192	0	0	0	0	39580.1	1562
179	187	0	0	0	0	30025.8	1563
189	182	0	0	0	0	26199.8	1564
171	163	0	0	0	0	25682.7	1565
205	183	0	0	0	0	29830.2	1566
207	190	0	0	0	0	29627.8	1567
199	169	0	0	0	0	23494.3	1568
198	194	0	0	0	0	23239.3	1569
170	189	0	0	0	0	29377.1	1570
159	184	0	0	0	0	39270.3	1571
209	191	0	0	0	0	31093.1	1572
195	186	0	0	0	0	37838.0	1573
179	164	0	0	0	0	34755.3	1574
188	156	0	0	0	0	37368.1	1575
195	181	0	0	0	0	30709.8	1576
202	172	0	0	0	0	26703.8	1577
149	199	0	0	0	0	26057.3	1578
172	168	0	0	0	0	31630.8	1579
196	203	0	0	0	0	21663.3	1580
194	198	0	0	0	0	25731.2	1581
172	194	0	0	0	0	35681.9	1582
152	184	0	0	0	0	35339.5	1583
180	177	0	0	0	0	35799.7	1584
213	195	0	0	0	0	20744.4	1585
202	178	0	0	0	0	26792.8	1586
163	196	0	0	0	0	23430.6	1587
172	182	0	0	0	0	20659.3	1588
184	183	0	0	0	0	34688.2	1589
197	191	0	0	0	0	33753.2	1590
184	172	0	0	0	0	24495.4	1591
181	183	0	0	0	0	36640.7	1592
198	173	0	0	0	0	22655.3	1593
179	187	0	0	0	0	20767.9	1594
174	193	0	0	0	0	27799.2	1595
178	188	0	0	0	0	35525.2	1596
181	176	0	0	0	0	20620.8	1597
197	204	0	0	0	0	32633.4	1598
195	177	0	0	0	0	26468.9	1599
175	178	0	0	0	0	35626.9	1600
168	209	0	0	0	0	30516.0	1601
176	201	0	0	0	0	30541.8	1602
181	174	0	0	0	0	35754.3	1603
172	197	0	0	0	0	37548.5	1604
187	175	0	0	0	0	29663.0	1605
177	182	0	0	0	0	33754.0	1606
177	170	0	0	0	0	24102.9	1607
202	179	0	0	0	0	21915.7	1608
161	192	0	0	0	0	20229.2	1609
175	184	0	0	0	0	22623.6	1610
202	185	0	0	0	0	22789.4	1611
177	216	0	0	0	0	24422.0	1612
180	175	0	0	0	0	27794.2	1613
180	178	0	0	0	0	38408.5	1614
191	195	0	0	0	0	25123.5	1615
165	193	0	0	0	0	35541.8	1616
204	186	0	0	0	0	26530.8	1617
176	178	0	0	0	0	28836.0	1618
174	201	0	0	0	0	37488.9	1619
204	173	0	0	0	0	25584.8	1620
194	198	0	0	0	0	34896.1	1621
180	176	0	0	0	0	25477.1	1622
228	184	0	0	0	0	23241.1	1623
215	192	0	0	0	0	32930.2	1624
184	183	0	0	0	0	38320.5	1625
185	175	0	0	0	0	39524.1	1626
181	198	0	0	0	0	22137.9	1627
198	165	0	0	0	0	20885.7	1628
160	164	0	0	0	0	20681.6	1629
179	178	0	0	0	0	24767.1	1630
165	168	0	0	0	0	37901.5	1631
166	183	0	0	0	0	27784.1	1632
174	177	0	0	0	0	32720.9	1633
171	175	0	0	0	0	21056.8	1634
181	193	0	0	0	0	36749.3	1635
196	199	0	0	0	0	36366.1	1636
166	175	0	0	0	0	32109.4	1637
191	193	0	0	0	0	37803.5	1638
214	200	0	0	0	0	32182.4	1639
185	193	0	0	0	0	25288.9	1640
194	199	0	0	0	0	21135.2	1641
162	190	0	0	0	0	22706.7	1642
192	215	0	0	0	0	23825.8	1643
181	198	0	0	0	0	23737.5	1644
190	175	0	0	0	0	29147.3	1645
190	196	0	0	0	0	36768.5	1646
176	175	0	0	0	0	36093.7	1647
168	195	0	0	0	0	22919.2	1648
189	198	0	0	0	0	34810.1	1649
158	162	0	0	0	0	23595.8	1650
179	185	0	0	0	0	25919.9	1651
158	172	0	0	0	0	21681.1	1652
210	180	0	0	0	0	33859.8	1653
183	170	0	0	0	0	35881.2	1654
159	173	0	0	0	0	37709.2	1655
131	174	0	0	0	0	36908.9	1656
183	176	0	0	0	0	38175.0	1657
169	177	0	0	0	0	25435.8	1658
181	190	0	0	0	0	36196.0	1659
168	182	0	0	0	0	21857.9	1660
173	207	0	0	0	0	34729.0	1661
180	169	0	0	0	0	22567.9	1662
196	166	0	0	0	0	33954.3	1663
206	188	0	0	0	0	32989.5	1664
167	186	0	0	0	0	36762.9	1665
166	186	0	0	0	0	22133.6	1666
162	174	0	0	0	0	36440.8	1667
175	191	0	0	0	0	33893.3	1668
167	186	0	0	0	0	35826.6	1669
170	165	0	0	0	0	37073.9	1670
184	186	0	0	0	0	23828.5	1671
185	174	0	0	0	0	21995.6	1672
193	178	0	0	0	0	37482.6	1673
185	196	0	0	0	0	23643.9	1674
175	174	0	0	0	0	38876.2	1675
173	182	0	0	0	0	36544.5	1676
194	168	0	0	0	0	34150.4	1677
170	179	0	0	0	0	27262.2	1678
176	198	0	0	0	0	35105.4	1679
183	165	0	0	0	0	33378.2	1680
150	149	0	0	0	0	24649.6	1681
178	179	0	0	0	0	31860.7	1682
172	188	0	0	0	0	37789.7	1683
190	177	0	0	0	0	33288.7	1684
175	169	0	0	0	0	38745.6	1685
176	177	0	0	0	0	26256.9	1686
180	177	0	0	0	0	31050.1	1687
173	166	0	0	0	0	21610.1	1688
183	169	0	0	0	0	31357.9	1689
183	172	0	0	0	0	28046.8	1690
176	167	0	0	0	0	24837.0	1691
182	166	0	0	0	0	21388.3	1692
153	201	0	0	0	0	33967.0	1693
157	187	0	0	0	0	37299.5	1694
146	196	0	0	0	0	37397.9	1695
209	183	0	0	0	0	38445.9	1696
175	170	0	0	0	0	37128.8	1697
165	157	0	0	0	0	35246.6	1698
166	171	0	0	0	0	29622.5	1699
176	186	0	0	0	0	37241.5	1700
122	176	0	0	0	0	33662.8	1701
191	188	0	0	0	0	29160.4	1702
195	161	0	0	0	0	31784.6	1703
173	155	0	0	0	0	36837.0	1704
176	161	0	0	0	0	22553.5	1705
160	190	0	0	0	0	32545.9	1706
185	158	0	0	0	0	29811.4	1707
184	169	0	0	0	0	32749.0	1708
192	186	0	0	0	0	20818.4	1709
166	171	0	0	0	0	33803.4	1710
188	159	0	0	0	0	22377.8	1711
181	185	0	0	0	0	24364.1	1712
182	172	0	0	0	0	39866.1	1713
174	196	0	0	0	0	34448.5	1714
188	173	0	0	0	0	22833.8	1715
171	189	0	0	0	0	29455.9	1716
173	200	0	0	0	0	33553.8	1717
156	190	0	0	0	0	33515.7	1718
190	169	0	0	0	0	37725.1	1719
164	165	0	0	0	0	35443.8	1720
189	174	0	0	0	0	38730.6	1721
186	168	0	0	0	0	29770.4	1722
211	155	0	0	0	0	37881.2	1723
185	178	0	0	0	0	37713.1	1724
187	186	0	0	0	0	36415.6	1725
163	178	0	0	0	0	29674.5	1726
193	175	0	0	0	0	35402.4	1727
160	193	0	0	0	0	27045.7	1728
188	177	0	0	0	0	30798.9	1729
185	177	0	0	0	0	29574.8	1730
193	160	0	0	0	0	32916.9	1731
163	166	0	0	0	0	39421.7	1732
176	171	0	0	0	0	34722.0	1733
172	181	0	0	0	0	26556.4	1734
163	167	0	0	0	0	23377.4	1735
177	173	0	0	0	0	28732.2	1736
166	170	0	0	0	0	23463.5	1737
180	180	0	0	0	0	31732.9	1738
166	195	0	0	0	0	33908.9	1739
178	165	0	0	0	0	22653.6	1740
162	189	0	0	0	0	20108.8	1741
172	165	0	0	0	0	31306.6	1742
162	177	0	0	0	0	36029.7	1743
171	175	0	0	0	0	38142.6	1744
174	176	0	0	0	0	31760.8	1745
165	179	0	0	0	0	21698.2	1746
191	155	0	0	0	0	39881.7	1747
177	169	0	0	0	0	29131.1	1748
176	153	0	0	0	0	32386.9	1749
175	190	0	0	0	0	23276.5	1750
151	146	0	0	0	0	25772.5	1751
171	167	0	0	0	0	29320.3	1752
150	164	0	0	0	0	30253.7	1753
172	168	0	0	0	0	39437.6	1754
166	163	0	0	0	0	38868.2	1755
175	199	0	0	0	0	27171.3	1756
174	199	0	0	0	0	21390.6	1757
189	180	0	0	0	0	25384.8	1758
183	178	0	0	0	0	30251.7	1759
175	197	0	0	0	0	38259.6	1760
158	165	0	0	0	0	33534.4	1761
177	190	0	0	0	0	37670.7	1762
172	166	0	0	0	0	32449.0	1763
156	192	0	0	0	0	31713.6	1764
151	177	0	0	0	0	34403.2	1765
161	186	0	0	0	0	25937.3	1766
169	153	0	0	0	0	21268.3	1767
166	169	0	0	0	0	28775.4	1768
160	159	0	0	0	0	36566.6	1769
177	161	0	0	0	0	20511.2	1770
168	187	0	0	0	0	34743.2	1771
198	162	0	0	0	0	33741.0	1772
165	165	0	0	0	0	26953.1	1773
175	161	0	0	0	0	25893.4	1774
182	171	0	0	0	0	28863.5	1775
167	150	0	0	0	0	21907.3	1776
164	158	0	0	0	0	28094.6	1777
171	170	0	0	0	0	39729.1	1778
183	172	0	0	0	0	29962.3	1779
181	199	0	0	0	0	37337.0	1780
159	203	0	0	0	0	23970.6	1781
189	170	0	0	0	0	24055.6	1782
160	159	0	0	0	0	25605.6	1783
166	170	0	0	0	0	34697.2	1784
177	154	0	0	0	0	37628.8	1785
188	165	0	0	0	0	34827.3	1786
150	153	0	0	0	0	23126.5	1787
177	159	0	0	0	0	27941.8	1788
189	144	0	0	0	0	22893.5	1789
173	173	0	0	0	0	37148.3	1790
181	157	0	0	0	0	37461.5	1791
175	157	0	0	0	0	20341.6	1792
191	160	0	0	0	0	24191.3	1793
180	158	0	0	0	0	24304.1	1794
164	170	0	0	0	0	35459.2	1795
162	164	0	0	0	0	36331.3	1796
153	143	0	0	0	0	32531.8	1797
167	179	0	0	0	0	35863.2	1798
177	180	0	0	0	0	32791.6	1799
179	169	0	0	0	0	23171.6	1800
180	155	0	0	0	0	25183.3	1801
146	163	0	0	0	0	36729.9	1802
162	167	0	0	0	0	34010.0	1803
146	157	0	0	0	0	23924.3	1804
175	155	0	0	0	0	25268.1	1805
162	191	0	0	0	0	36102.0	1806
154	170	0	0	0	0	24525.0	1807
187	185	0	0	0	0	26890.1	1808
149	158	0	0	0	0	27665.2	1809
181	191	0	0	0	0	34030.4	1810
169	182	0	0	0	0	32115.1	1811
183	172	0	0	0	0	24570.3	1812
173	175	0	0	0	0	28850.2	1813
161	172	0	0	0	0	27830.1	1814
155	187	0	0	0	0	31061.4	1815
178	143	0	0	0	0	29005.8	1816
161	171	0	0	0	0	26427.4	1817
149	186	0	0	0	0	23814.4	1818
159	164	0	0	0	0	37613.0	1819
162	149	0	0	0	0	35865.0	1820
182	155	0	0	0	0	22180.4	1821
155	159	0	0	0	0	21921.2	1822
154	158	0	0	0	0	38820.6	1823
150	150	0	0	0	0	23269.2	1824
149	179	0	0	0	0	24577.1	1825
150	152	0	0	0	0	24876.9	1826
173	184	0	0	0	0	34626.8	1827
182	158	0	0	0	0	23578.2	1828
151	178	0	0	0	0	22386.1	1829
170	155	0	0	0	0	31611.3	1830
170	160	0	0	0	0	35281.2	1831
171	166	0	0	0	0	31455.3	1832
161	170	0	0	0	0	20031.2	1833
174	167	0	0	0	0	39354.6	1834
170	167	0	0	0	0	35164.8	1835
158	169	0	0	0	0	23971.8	1836
160	175	0	0	0	0	32411.5	1837
154	147	0	0	0	0	33092.1	1838
156	165	0	0	0	0	20768.4	1839
152	145	0	0	0	0	36828.6	1840
156	176	0	0	0	0	30949.4	1841
166	159	0	0	0	0	32860.6	1842
145	176	0	0	0	0	36149.5	1843
157	157	0	0	0	0	33631.9	1844
158	141	0	0	0	0	39499.4	1845
165	156	0	0	0	0	20624.4	1846
164	154	0	0	0	0	38412.8	1847
166	158	0	0	0	0	30347.2	1848
142	160	0	0	0	0	33981.1	1849
152	158	0	0	0	0	37485.7	1850
183	161	0	0	0	0	25590.4	1851
168	165	0	0	0	0	27825.9	1852
166	167	0	0	0	0	33150.1	1853
173	168	0	0	0	0	20834.0	1854
161	156	0	0	0	0	31146.4	1855
171	178	0	0	0	0	20948.8	1856
166	167	0	0	0	0	28143.3	1857
164	160	0	0	0	0	36595.5	1858
160	155	0	0	0	0	23960.0	1859
177	153	0	0	0	0	30922.5	1860
159	149	0	0	0	0	27612.4	1861
160	139	0	0	0	0	35332.0	1862
148	154	0	0	0	0	31582.8	1863
165	160	0	0	0	0	21158.0	1864
180	163	0	0	0	0	36996.2	1865
164	160	0	0	0	0	34348.1	1866
145	158	0	0	0	0	30369.7	1867
156	158	0	0	0	0	32119.2	1868
160	162	0	0	0	0	34716.4	1869
166	158	0	0	0	0	39619.2	1870
148	149	0	0	0	0	25408.4	1871
171	168	0	0	0	0	37314.6	1872
179	166	0	0	0	0	21421.5	1873
144	142	0	0	0	0	38040.8	1874
177	185	0	0	0	0	30062.9	1875
157	179	0	0	0	0	30872.7	1876
158	185	0	0	0	0	24067.3	1877
147	150	0	0	0	0	39656.2	1878
155	169	0	0	0	0	29999.6	1879
159	170	0	0	0	0	37459.2	1880
137	160	0	0	0	0	26788.9	1881
148	173	0	0	0	0	25432.2	1882
162	164	0	0	0	0	24514.0	1883
154	164	0	0	0	0	20326.5	1884
161	150	0	0	0	0	21680.6	1885
137	161	0	0	0	0	32755.7	1886
175	179	0	0	0	0	24247.8	1887
173	154	0	0	0	0	38583.5	1888
151	164	0	0	0	0	32167.8	1889
138	142	0	0	0	0	35658.2	1890
169	142	0	0	0	0	32294.5	1891
150	166	0	0	0	0	34811.8	1892
147	167	0	0	0	0	30626.2	1893
166	156	0	0	0	0	32434.8	1894
177	142	0	0	0	0	26174.7	1895
169	159	0	0	0	0	24821.1	1896
144	160	0	0	0	0	21306.6	1897
146	144	0	0	0	0	22319.6	1898
156	175	0	0	0	0	22757.7	1899
166	164	0	0	0	0	37745.5	1900
161	137	0	0	0	0	25557.4	1901
169	171	0	0	0	0	32333.7	1902
141	169	0	0	0	0	38852.6	1903
173	176	0	0	0	0	32116.1	1904
143	166	0	0	0	0	32626.3	1905
173	171	0	0	0	0	29290.8	1906
153	130	0	0	0	0	38199.7	1907
148	143	0	0	0	0	38028.2	1908
166	161	0	0	0	0	37348.9	1909
169	173	0	0	0	0	38926.6	1910
153	173	0	0	0	0	33597.8	1911
176	145	0	0	0	0	28233.2	1912
130	161	0	0	0	0	34558.9	1913
148	171	0	0	0	0	28153.3	1914
163	165	0	0	0	0	34119.1	1915
168	160	0	0	0	0	29380.8	1916
191	170	0	0	0	0	30558.4	1917
151	160	0	0	0	0	25329.2	1918
190	137	0	0	0	0	25231.0	1919
170	161	0	0	0	0	28376.5	1920
163	149	0	0	0	0	26513.2	1921
131	159	0	0	0	0	20607.0	1922
190	154	0	0	0	0	28109.1	1923
152	151	0	0	0	0	33995.9	1924
158	130	0	0	0	0	26446.7	1925
155	142	0	0	0	0	23008.5	1926
146	175	0	0	0	0	35955.2	1927
138	140	0	0	0	0	39648.3	1928
175	160	0	0	0	0	36327.9	1929
159	147	0	0	0	0	24681.6	1930
155	160	0	0	0	0	24842.2	1931
130	157	0	0	0	0	29019.0	1932
160	168	0	0	0	0	35175.2	1933
164	161	0	0	0	0	39112.2	1934
163	142	0	0	0	0	38586.9	1935
137	163	0	0	0	0	29100.8	1936
146	155	0	0	0	0	26776.9	1937
138	179	0	0	0	0	31424.5	1938
153	152	0	0	0	0	21549.1	1939
166	161	0	0	0	0	23147.4	1940
141	152	0	0	0	0	23564.8	1941
185	149	0	0	0	0	31994.0	1942
136	159	0	0	0	0	23069.0	1943
162	141	0	0	0	0	27676.7	1944
167	136	0	0	0	0	20284.7	1945
165	168	0	0	0	0	36485.6	1946
152	162	0	0	0	0	37068.0	1947
140	191	0	0	0	0	22610.3	1948
160	145	0	0	0	0	39195.7	1949
179	153	0	0	0	0	34689.0	1950
141	153	0	0	0	0	37199.9	1951
156	152	0	0	0	0	39322.9	1952
156	169	0	0	0	0	33382.1	1953
135	144	0	0	0	0	36787.3	1954
168	154	0	0	0	0	32193.7	1955
160	160	0	0	0	0	35307.3	1956
178	143	0	0	0	0	28701.6	1957
136	153	0	0	0	0	23658.8	1958
147	168	0	0	0	0	28846.6	1959
144	154	0	0	0	0	26936.5	1960
150	157	0	0	0	0	22334.8	1961
136	154	0	0	0	0	32702.1	1962
155	145	0	0	0	0	24592.0	1963
173	150	0	0	0	0	26907.6	1964
138	166	0	0	0	0	20003.0	1965
169	158	0	0	0	0	24874.6	1966
165	152	0	0	0	0	37739.1	1967
139	162	0	0	0	0	24217.0	1968
161	164	0	0	0	0	34943.3	1969
139	163	0	0	0	0	22170.1	1970
162	165	0	0	0	0	29420.3	1971
130	160	0	0	0	0	28267.7	1972
157	145	0	0	0	0	34013.7	1973
169	158	0	0	0	0	32128.8	1974
156	167	0	0	0	0	26017.3	1975
168	161	0	0	0	0	32579.5	1976
176	126	0	0	0	0	38865.5	1977
152	167	0	0	0	0	31637.8	1978
144	170	0	0	0	0	22950.6	1979
143	145	0	0	0	0	31546.0	1980
164	166	0	0	0	0	37619.2	1981
154	175	0	0	0	0	28483.8	1982
157	133	0	0	0	0	26069.4	1983
155	139	0	0	0	0	26299.2	1984
159	170	0	0	0	0	20229.6	1985
127	163	0	0	0	0	22235.4	1986
202	161	0	0	0	0	36544.3	1987
133	135	0	0	0	0	31935.0	1988
160	160	0	0	0	0	38261.4	1989
147	154	0	0	0	0	27702.8	1990
144	153	0	0	0	0	39964.8	1991
157	143	0	0	0	0	36986.4	1992
147	149	0	0	0	0	21502.5	1993
163	159	0	0	0	0	31324.4	1994
148	145	0	0	0	0	25926.3	1995
161	162	0	0	0	0	27530.9	1996
158	164	0	0	0	0	37279.9	1997
128	138	0	0	0	0	35694.9	1998
160	139	0	0	0	0	30369.0	1999
145	155	0	0	0	0	25846.4	2000
