unique_top_cov	unique_bot_cov	redundant_top_cov	redundant_bot_cov	raw_redundant_top_cov	raw_redundant_bot_cov	e_value	position
16	11	0	0	0	0	30770.0	1
13	13	0	0	0	0	32568.4	2
12	18	0	0	0	0	24295.8	3
11	14	0	0	0	0	20259.9	4
14	12	0	0	0	0	28517.3	5
4	12	0	0	0	0	23630.9	6
6	15	0	0	0	0	24182.6	7
16	8	0	0	0	0	24639.8	8
6	15	0	0	0	0	34819.7	9
11	20	0	0	0	0	36624.3	10
24	14	0	0	0	0	34050.4	11
7	20	0	0	0	0	32557.0	12
14	15	0	0	0	0	33044.8	13
14	13	0	0	0	0	37379.1	14
13	10	0	0	0	0	23513.2	15
11	21	0	0	0	0	20464.3	16
14	16	0	0	0	0	39611.8	17
20	14	0	0	0	0	22790.4	18
5	15	0	0	0	0	38744.0	19
13	16	0	0	0	0	25055.0	20
12	14	0	0	0	0	27697.5	21
17	14	0	0	0	0	23554.6	22
10	15	0	0	0	0	32768.2	23
22	12	0	0	0	0	36456.3	24
15	8	0	0	0	0	37163.8	25
17	16	0	0	0	0	29224.1	26
17	13	0	0	0	0	25843.7	27
12	15	0	0	0	0	23375.4	28
19	9	0	0	0	0	28617.5	29
20	11	0	0	0	0	26788.9	30
17	19	0	0	0	0	35543.8	31
16	17	0	0	0	0	24482.6	32
16	17	0	0	0	0	26391.3	33
19	10	0	0	0	0	26585.3	34
17	17	0	0	0	0	34035.8	35
15	11	0	0	0	0	23024.9	36
10	13	0	0	0	0	29437.0	37
15	16	0	0	0	0	26265.2	38
16	13	0	0	0	0	20639.8	39
6	16	0	0	0	0	31758.5	40
19	19	0	0	0	0	36153.8	41
15	15	0	0	0	0	20467.2	42
16	8	0	0	0	0	34993.1	43
17	12	0	0	0	0	23261.1	44
11	13	0	0	0	0	36927.2	45
12	13	0	0	0	0	29152.8	46
16	16	0	0	0	0	29221.6	47
20	19	0	0	0	0	39133.0	48
18	20	0	0	0	0	32955.4	49
18	17	0	0	0	0	29037.8	50
9	23	0	0	0	0	30530.3	51
15	19	0	0	0	0	22759.1	52
17	19	0	0	0	0	31201.7	53
21	18	0	0	0	0	39140.8	54
18	15	0	0	0	0	23702.0	55
17	15	0	0	0	0	28587.3	56
8	21	0	0	0	0	24966.5	57
10	17	0	0	0	0	34694.5	58
11	5	0	0	0	0	33190.4	59
11	19	0	0	0	0	39107.7	60
12	20	0	0	0	0	22898.4	61
17	15	0	0	0	0	25617.3	62
15	10	0	0	0	0	24489.7	63
17	18	0	0	0	0	28988.6	64
14	15	0	0	0	0	25140.7	65
12	17	0	0	0	0	23064.9	66
10	14	0	0	0	0	35869.4	67
18	26	0	0	0	0	25346.8	68
25	13	0	0	0	0	27123.2	69
20	19	0	0	0	0	27960.1	70
24	19	0	0	0	0	34622.1	71
16	10	0	0	0	0	21001.7	72
23	15	0	0	0	0	39628.1	73
16	10	0	0	0	0	30660.9	74
13	13	0	0	0	0	25710.5	75
17	14	0	0	0	0	34979.3	76
24	13	0	0	0	0	29234.5	77
18	16	0	0	0	0	30856.7	78
12	15	0	0	0	0	21347.1	79
25	11	0	0	0	0	22070.8	80
20	17	0	0	0	0	36177.8	81
11	25	0	0	0	0	29357.4	82
18	17	0	0	0	0	34572.6	83
12	13	0	0	0	0	33287.5	84
17	16	0	0	0	0	27163.1	85
13	14	0	0	0	0	24040.7	86
18	10	0	0	0	0	23486.8	87
20	17	0	0	0	0	39531.5	88
14	24	0	0	0	0	23806.9	89
12	12	0	0	0	0	31431.6	90
16	18	0	0	0	0	22618.8	91
22	16	0	0	0	0	34532.7	92
13	20	0	0	0	0	24940.6	93
12	20	0	0	0	0	31606.7	94
19	16	0	0	0	0	31046.0	95
14	26	0	0	0	0	21984.0	96
17	18	0	0	0	0	37144.2	97
22	18	0	0	0	0	20718.5	98
21	16	0	0	0	0	21611.6	99
28	21	0	0	0	0	29601.1	100
22	17	0	0	0	0	39583.6	101
14	21	0	0	0	0	20611.4	102
24	17	0	0	0	0	39372.1	103
21	17	0	0	0	0	39658.8	104
19	19	0	0	0	0	33270.8	105
19	12	0	0	0	0	38414.3	106
16	16	0	0	0	0	36549.9	107
20	17	0	0	0	0	20678.8	108
14	25	0	0	0	0	23667.6	109
15	16	0	0	0	0	37739.2	110
19	23	0	0	0	0	38711.5	111
15	25	0	0	0	0	21321.4	112
14	18	0	0	0	0	36346.0	113
23	26	0	0	0	0	36323.4	114
15	16	0	0	0	0	35780.4	115
21	13	0	0	0	0	38205.3	116
16	11	0	0	0	0	31447.9	117
16	16	0	0	0	0	33744.8	118
21	13	0	0	0	0	23175.1	119
17	15	0	0	0	0	32994.6	120
17	19	0	0	0	0	35083.5	121
22	18	0	0	0	0	21312.1	122
25	23	0	0	0	0	21947.9	123
16	24	0	0	0	0	22987.6	124
20	28	0	0	0	0	30232.9	125
23	20	0	0	0	0	35345.0	126
16	20	0	0	0	0	22399.6	127
19	15	0	0	0	0	36116.2	128
24	9	0	0	0	0	21258.5	129
23	25	0	0	0	0	26734.8	130
16	24	0	0	0	0	28142.9	131
20	13	0	0	0	0	25504.9	132
23	22	0	0	0	0	39791.8	133
21	22	0	0	0	0	23458.3	134
20	16	0	0	0	0	26980.3	135
17	18	0	0	0	0	34157.0	136
23	18	0	0	0	0	26435.8	137
20	20	0	0	0	0	38526.3	138
15	13	0	0	0	0	37551.5	139
21	21	0	0	0	0	21858.0	140
26	24	0	0	0	0	38566.7	141
15	18	0	0	0	0	21908.3	142
20	23	0	0	0	0	30537.1	143
19	21	0	0	0	0	33547.7	144
19	23	0	0	0	0	31602.9	145
19	21	0	0	0	0	22953.5	146
21	13	0	0	0	0	26353.3	147
18	27	0	0	0	0	29617.3	148
25	17	0	0	0	0	27100.4	149
21	21	0	0	0	0	38938.7	150
15	21	0	0	0	0	32749.2	151
24	19	0	0	0	0	31080.9	152
9	24	0	0	0	0	33589.0	153
22	18	0	0	0	0	26928.7	154
15	26	0	0	0	0	36050.1	155
23	20	0	0	0	0	38043.6	156
30	23	0	0	0	0	34770.6	157
15	22	0	0	0	0	32354.8	158
14	18	0	0	0	0	23277.6	159
23	21	0	0	0	0	29202.1	160
16	15	0	0	0	0	21707.0	161
12	27	0	0	0	0	28838.2	162
19	31	0	0	0	0	22947.7	163
11	18	0	0	0	0	20402.9	164
21	20	0	0	0	0	35688.0	165
14	19	0	0	0	0	31598.6	166
16	16	0	0	0	0	26037.8	167
13	28	0	0	0	0	23676.4	168
17	24	0	0	0	0	38474.1	169
25	19	0	0	0	0	29498.9	170
19	27	0	0	0	0	25793.9	171
15	19	0	0	0	0	20104.4	172
22	27	0	0	0	0	21790.9	173
20	17	0	0	0	0	33547.3	174
21	22	0	0	0	0	30756.9	175
14	21	0	0	0	0	36830.5	176
29	15	0	0	0	0	29911.9	177
17	21	0	0	0	0	27518.8	178
22	23	0	0	0	0	23571.5	179
22	24	0	0	0	0	37286.2	180
33	25	0	0	0	0	30880.6	181
20	16	0	0	0	0	26624.5	182
26	26	0	0	0	0	30189.0	183
22	25	0	0	0	0	38311.4	184
19	26	0	0	0	0	29544.6	185
23	26	0	0	0	0	38848.1	186
24	32	0	0	0	0	22168.3	187
26	30	0	0	0	0	32792.1	188
17	21	0	0	0	0	30625.2	189
16	21	0	0	0	0	23980.6	190
21	20	0	0	0	0	38843.7	191
25	22	0	0	0	0	29119.6	192
29	21	0	0	0	0	31609.3	193
19	19	0	0	0	0	28796.0	194
29	25	0	0	0	0	26631.7	195
16	21	0	0	0	0	32560.6	196
29	23	0	0	0	0	32353.4	197
27	19	0	0	0	0	20174.1	198
12	34	0	0	0	0	21947.3	199
23	23	0	0	0	0	21557.9	200
27	20	0	0	0	0	37671.6	201
27	20	0	0	0	0	21028.0	202
21	20	0	0	0	0	38251.4	203
18	24	0	0	0	0	32769.0	204
29	22	0	0	0	0	30612.9	205
28	22	0	0	0	0	35732.4	206
30	20	0	0	0	0	24598.6	207
26	27	0	0	0	0	30945.7	208
21	20	0	0	0	0	36562.7	209
24	16	0	0	0	0	27727.5	210
39	21	0	0	0	0	24797.8	211
17	21	0	0	0	0	29431.0	212
25	21	0	0	0	0	35749.6	213
27	21	0	0	0	0	33528.8	214
33	16	0	0	0	0	36517.0	215
10	25	0	0	0	0	22241.5	216
33	18	0	0	0	0	24791.2	217
28	37	0	0	0	0	36134.4	218
18	27	0	0	0	0	21932.3	219
30	33	0	0	0	0	31506.8	220
26	40	0	0	0	0	26248.2	221
16	27	0	0	0	0	35905.4	222
31	21	0	0	0	0	25203.1	223
25	33	0	0	0	0	37245.8	224
25	31	0	0	0	0	34556.9	225
30	34	0	0	0	0	30034.9	226
30	20	0	0	0	0	27861.3	227
24	30	0	0	0	0	23450.2	228
27	29	0	0	0	0	35163.0	229
30	26	0	0	0	0	36356.5	230
31	36	0	0	0	0	31705.1	231
32	31	0	0	0	0	23227.9	232
20	35	0	0	0	0	29998.8	233
20	31	0	0	0	0	37348.5	234
34	23	0	0	0	0	24185.4	235
25	33	0	0	0	0	21745.2	236
33	28	0	0	0	0	34565.7	237
25	26	0	0	0	0	33522.5	238
21	17	0	0	0	0	27648.9	239
25	25	0	0	0	0	39003.7	240
25	18	0	0	0	0	20152.8	241
38	22	0	0	0	0	29525.8	242
30	39	0	0	0	0	31873.0	243
30	31	0	0	0	0	32742.8	244
32	26	0	0	0	0	37532.6	245
21	38	0	0	0	0	26698.0	246
24	23	0	0	0	0	36717.3	247
40	24	0	0	0	0	31725.2	248
31	27	0	0	0	0	23660.8	249
31	29	0	0	0	0	24125.4	250
22	38	0	0	0	0	26147.2	251
28	28	0	0	0	0	30719.4	252
31	23	0	0	0	0	26023.4	253
24	30	0	0	0	0	38703.1	254
30	29	0	0	0	0	21674.6	255
30	29	0	0	0	0	34238.7	256
26	29	0	0	0	0	34695.5	257
27	23	0	0	0	0	36640.1	258
25	32	0	0	0	0	32904.0	259
22	17	0	0	0	0	34712.9	260
36	32	0	0	0	0	35011.3	261
22	30	0	0	0	0	24583.1	262
31	24	0	0	0	0	23548.9	263
36	31	0	0	0	0	39197.4	264
27	36	0	0	0	0	38828.5	265
30	28	0	0	0	0	29245.6	266
30	21	0	0	0	0	32723.6	267
35	31	0	0	0	0	21010.2	268
31	32	0	0	0	0	39295.1	269
31	38	0	0	0	0	23355.9	270
41	34	0	0	0	0	27313.3	271
26	23	0	0	0	0	33082.4	272
33	32	0	0	0	0	27526.5	273
27	18	0	0	0	0	29428.8	274
26	28	0	0	0	0	31209.8	275
31	29	0	0	0	0	29465.6	276
29	33	0	0	0	0	36197.9	277
23	27	0	0	0	0	36729.9	278
22	33	0	0	0	0	30523.5	279
22	28	0	0	0	0	32721.4	280
24	34	0	0	0	0	28000.3	281
39	38	0	0	0	0	31309.3	282
41	31	0	0	0	0	34228.1	283
31	34	0	0	0	0	25031.0	284
33	30	0	0	0	0	26485.4	285
29	27	0	0	0	0	27853.4	286
30	44	0	0	0	0	23444.1	287
27	27	0	0	0	0	23618.7	288
35	33	0	0	0	0	21001.5	289
34	30	0	0	0	0	26850.0	290
28	31	0	0	0	0	23418.3	291
33	39	0	0	0	0	21279.9	292
35	33	0	0	0	0	25200.9	293
38	38	0	0	0	0	37048.2	294
33	36	0	0	0	0	28422.7	295
27	34	0	0	0	0	37042.6	296
31	29	0	0	0	0	20764.1	297
44	39	0	0	0	0	22794.2	298
25	34	0	0	0	0	23302.3	299
23	23	0	0	0	0	22684.5	300
25	23	0	0	0	0	30097.5	301
32	36	0	0	0	0	21082.3	302
40	31	0	0	0	0	24101.4	303
38	38	0	0	0	0	21175.9	304
24	30	0	0	0	0	38118.6	305
32	28	0	0	0	0	30832.0	306
31	37	0	0	0	0	32903.5	307
22	35	0	0	0	0	20119.8	308
39	29	0	0	0	0	30596.1	309
43	33	0	0	0	0	31864.9	310
28	31	0	0	0	0	38057.4	311
26	35	0	0	0	0	22238.0	312
39	26	0	0	0	0	31115.2	313
23	28	0	0	0	0	28767.1	314
35	39	0	0	0	0	38971.4	315
40	37	0	0	0	0	29379.9	316
31	16	0	0	0	0	26242.4	317
39	29	0	0	0	0	23404.0	318
33	41	0	0	0	0	36965.7	319
23	31	0	0	0	0	31580.3	320
34	29	0	0	0	0	36197.9	321
26	42	0	0	0	0	25269.8	322
35	33	0	0	0	0	38732.2	323
30	36	0	0	0	0	33032.8	324
34	33	0	0	0	0	24879.1	325
46	40	0	0	0	0	24236.0	326
32	29	0	0	0	0	29962.6	327
32	33	0	0	0	0	27393.9	328
39	44	0	0	0	0	20694.3	329
38	44	0	0	0	0	39099.6	330
34	33	0	0	0	0	31783.9	331
32	40	0	0	0	0	38545.5	332
37	50	0	0	0	0	37779.2	333
36	41	0	0	0	0	30180.8	334
36	25	0	0	0	0	37692.8	335
46	43	0	0	0	0	33375.8	336
33	33	0	0	0	0	35402.8	337
44	44	0	0	0	0	22000.9	338
32	33	0	0	0	0	29413.1	339
37	35	0	0	0	0	27471.3	340
23	40	0	0	0	0	23837.6	341
34	38	0	0	0	0	32048.0	342
30	37	0	0	0	0	35973.8	343
28	34	0	0	0	0	39275.0	344
41	35	0	0	0	0	38178.6	345
43	42	0	0	0	0	27656.1	346
30	21	0	0	0	0	33784.4	347
29	25	0	0	0	0	32883.0	348
39	43	0	0	0	0	28947.9	349
43	27	0	0	0	0	20328.4	350
24	39	0	0	0	0	39440.4	351
23	42	0	0	0	0	38838.1	352
35	45	0	0	0	0	30348.2	353
39	33	0	0	0	0	38173.6	354
43	37	0	0	0	0	36670.7	355
40	28	0	0	0	0	25479.6	356
50	39	0	0	0	0	27605.6	357
49	36	0	0	0	0	25283.9	358
40	43	0	0	0	0	33664.1	359
43	43	0	0	0	0	28697.9	360
42	48	0	0	0	0	28816.7	361
53	42	0	0	0	0	38849.8	362
47	31	0	0	0	0	26018.4	363
27	30	0	0	0	0	25970.3	364
37	39	0	0	0	0	35117.4	365
42	43	0	0	0	0	38555.8	366
45	38	0	0	0	0	27459.3	367
39	34	0	0	0	0	23513.6	368
44	43	0	0	0	0	28544.0	369
47	33	0	0	0	0	37447.1	370
38	29	0	0	0	0	38384.1	371
40	32	0	0	0	0	27363.3	372
45	39	0	0	0	0	29749.2	373
47	36	0	0	0	0	37461.5	374
32	40	0	0	0	0	36861.4	375
33	50	0	0	0	0	35383.6	376
26	33	0	0	0	0	28873.0	377
47	37	0	0	0	0	28634.1	378
42	45	0	0	0	0	22421.4	379
44	42	0	0	0	0	23878.8	380
33	28	0	0	0	0	21475.4	381
43	49	0	0	0	0	36028.2	382
50	47	0	0	0	0	39838.2	383
36	30	0	0	0	0	35730.8	384
48	42	0	0	0	0	31399.6	385
38	35	0	0	0	0	33062.1	386
44	42	0	0	0	0	34701.3	387
38	36	0	0	0	0	37945.8	388
40	38	0	0	0	0	32642.3	389
43	40	0	0	0	0	21233.3	390
39	52	0	0	0	0	31203.5	391
38	47	0	0	0	0	33053.5	392
42	34	0	0	0	0	36544.5	393
50	34	0	0	0	0	38306.8	394
49	34	0	0	0	0	39114.4	395
45	50	0	0	0	0	23751.9	396
50	38	0	0	0	0	21251.5	397
49	38	0	0	0	0	23253.6	398
50	31	0	0	0	0	22876.4	399
36	48	0	0	0	0	36464.6	400
33	34	0	0	0	0	29175.0	401
30	32	0	0	0	0	27916.4	402
45	33	0	0	0	0	31343.8	403
56	42	0	0	0	0	37619.0	404
43	38	0	0	0	0	32162.2	405
42	40	0	0	0	0	33816.5	406
34	45	0	0	0	0	22271.7	407
32	37	0	0	0	0	38012.6	408
56	44	0	0	0	0	25633.4	409
40	41	0	0	0	0	21207.9	410
44	45	0	0	0	0	28391.7	411
56	53	0	0	0	0	23756.0	412
48	43	0	0	0	0	27756.8	413
50	37	0	0	0	0	23642.3	414
45	41	0	0	0	0	26359.3	415
43	44	0	0	0	0	24517.7	416
42	42	0	0	0	0	23281.0	417
52	53	0	0	0	0	26525.7	418
52	45	0	0	0	0	39517.8	419
43	51	0	0	0	0	37131.3	420
37	49	0	0	0	0	34557.4	421
45	51	0	0	0	0	23425.1	422
56	56	0	0	0	0	33072.0	423
47	56	0	0	0	0	34813.6	424
46	44	0	0	0	0	23917.0	425
41	50	0	0	0	0	35914.2	426
57	46	0	0	0	0	34219.4	427
54	41	0	0	0	0	30480.8	428
47	44	0	0	0	0	21979.9	429
41	45	0	0	0	0	39298.1	430
47	43	0	0	0	0	37119.1	431
41	45	0	0	0	0	21655.1	432
56	48	0	0	0	0	35210.0	433
47	51	0	0	0	0	29791.1	434
49	58	0	0	0	0	25174.2	435
41	55	0	0	0	0	23199.0	436
57	42	0	0	0	0	30014.7	437
48	58	0	0	0	0	24497.1	438
41	48	0	0	0	0	37209.4	439
31	52	0	0	0	0	28245.4	440
50	50	0	0	0	0	32785.1	441
47	44	0	0	0	0	37391.5	442
47	48	0	0	0	0	24815.7	443
55	48	0	0	0	0	30017.0	444
53	50	0	0	0	0	32713.7	445
48	49	0	0	0	0	32972.4	446
56	55	0	0	0	0	21063.7	447
47	48	0	0	0	0	39575.4	448
51	50	0	0	0	0	31218.5	449
50	47	0	0	0	0	34727.6	450
50	44	0	0	0	0	39138.4	451
38	53	0	0	0	0	39333.8	452
44	48	0	0	0	0	32722.8	453
62	48	0	0	0	0	29473.5	454
48	45	0	0	0	0	34019.9	455
45	55	0	0	0	0	27001.9	456
43	45	0	0	0	0	29455.2	457
41	57	0	0	0	0	37261.4	458
61	48	0	0	0	0	25515.7	459
49	57	0	0	0	0	27563.7	460
40	46	0	0	0	0	35922.8	461
51	58	0	0	0	0	37852.9	462
52	49	0	0	0	0	25092.7	463
46	54	0	0	0	0	36187.7	464
55	46	0	0	0	0	24445.0	465
50	50	0	0	0	0	21413.5	466
47	55	0	0	0	0	31256.5	467
51	59	0	0	0	0	24289.4	468
50	44	0	0	0	0	37087.3	469
57	59	0	0	0	0	28023.1	470
52	49	0	0	0	0	31336.0	471
51	58	0	0	0	0	28853.3	472
54	56	0	0	0	0	20237.7	473
61	42	0	0	0	0	32793.8	474
58	56	0	0	0	0	25184.2	475
50	51	0	0	0	0	36383.4	476
53	51	0	0	0	0	34627.7	477
63	56	0	0	0	0	27796.6	478
63	58	0	0	0	0	34819.2	479
51	46	0	0	0	0	37101.0	480
53	48	0	0	0	0	32447.4	481
46	52	0	0	0	0	30675.7	482
61	58	0	0	0	0	20789.2	483
62	64	0	0	0	0	25866.0	484
55	58	0	0	0	0	36006.5	485
53	52	0	0	0	0	30452.7	486
48	64	0	0	0	0	35827.6	487
65	46	0	0	0	0	31758.0	488
51	48	0	0	0	0	29048.3	489
56	62	0	0	0	0	36339.3	490
64	63	0	0	0	0	34337.4	491
50	54	0	0	0	0	25190.9	492
50	70	0	0	0	0	22892.6	493
51	57	0	0	0	0	34016.2	494
46	74	0	0	0	0	24923.7	495
62	62	0	0	0	0	24598.8	496
50	47	0	0	0	0	36610.2	497
59	60	0	0	0	0	37384.0	498
52	72	0	0	0	0	24975.2	499
55	50	0	0	0	0	21116.8	500
57	56	0	0	0	0	37899.4	501
63	76	0	0	0	0	34698.6	502
79	48	0	0	0	0	22842.7	503
66	48	0	0	0	0	23892.7	504
51	65	0	0	0	0	37040.0	505
75	53	0	0	0	0	21360.8	506
72	53	0	0	0	0	31675.6	507
60	60	0	0	0	0	33455.6	508
56	55	0	0	0	0	26547.9	509
68	63	0	0	0	0	25733.6	510
57	57	0	0	0	0	24820.0	511
53	70	0	0	0	0	30987.2	512
53	62	0	0	0	0	33140.8	513
50	45	0	0	0	0	25023.7	514
66	63	0	0	0	0	27915.1	515
54	67	0	0	0	0	21288.6	516
52	71	0	0	0	0	20719.4	517
51	78	0	0	0	0	34492.2	518
57	52	0	0	0	0	27218.7	519
60	53	0	0	0	0	32070.0	520
50	48	0	0	0	0	24373.8	521
71	68	0	0	0	0	30392.7	522
63	59	0	0	0	0	35573.2	523
72	73	0	0	0	0	29923.1	524
71	55	0	0	0	0	33204.5	525
68	61	0	0	0	0	21881.6	526
67	63	0	0	0	0	24965.8	527
77	57	0	0	0	0	31541.4	528
66	71	0	0	0	0	27793.3	529
66	66	0	0	0	0	30281.5	530
69	82	0	0	0	0	23313.2	531
75	68	0	0	0	0	36562.3	532
53	91	0	0	0	0	33084.4	533
58	70	0	0	0	0	22820.6	534
76	77	0	0	0	0	36299.8	535
68	55	0	0	0	0	36965.8	536
70	62	0	0	0	0	28681.6	537
64	62	0	0	0	0	23560.4	538
73	60	0	0	0	0	32729.3	539
71	84	0	0	0	0	36315.4	540
75	69	0	0	0	0	22174.0	541
67	68	0	0	0	0	29927.5	542
71	71	0	0	0	0	26443.5	543
68	58	0	0	0	0	26238.0	544
76	80	0	0	0	0	39686.8	545
65	74	0	0	0	0	39669.7	546
58	72	0	0	0	0	39247.0	547
75	89	0	0	0	0	35784.2	548
69	71	0	0	0	0	37386.9	549
70	56	0	0	0	0	24046.3	550
52	68	0	0	0	0	30496.2	551
65	82	0	0	0	0	20454.8	552
59	68	0	0	0	0	25911.7	553
74	55	0	0	0	0	35171.8	554
62	76	0	0	0	0	32523.2	555
73	94	0	0	0	0	25958.3	556
71	51	0	0	0	0	23480.8	557
58	68	0	0	0	0	34873.4	558
79	83	0	0	0	0	20014.5	559
63	69	0	0	0	0	25540.9	560
63	78	0	0	0	0	36605.9	561
75	77	0	0	0	0	39257.2	562
51	69	0	0	0	0	34582.4	563
70	81	0	0	0	0	27036.6	564
80	64	0	0	0	0	28629.9	565
67	75	0	0	0	0	36925.7	566
67	82	0	0	0	0	25557.0	567
87	80	0	0	0	0	23736.0	568
67	74	0	0	0	0	38759.6	569
70	55	0	0	0	0	30184.0	570
70	68	0	0	0	0	37792.1	571
82	68	0	0	0	0	25376.1	572
68	70	0	0	0	0	26949.7	573
87	81	0	0	0	0	37351.5	574
51	71	0	0	0	0	30836.1	575
70	75	0	0	0	0	27848.4	576
72	80	0	0	0	0	35281.1	577
72	79	0	0	0	0	20046.6	578
101	68	0	0	0	0	22091.5	579
72	78	0	0	0	0	39143.3	580
79	78	0	0	0	0	38673.3	581
67	89	0	0	0	0	37112.6	582
80	71	0	0	0	0	25498.5	583
64	78	0	0	0	0	23101.8	584
76	77	0	0	0	0	35104.6	585
76	63	0	0	0	0	25824.7	586
74	75	0	0	0	0	36084.5	587
67	72	0	0	0	0	25361.9	588
61	90	0	0	0	0	33669.1	589
82	66	0	0	0	0	30437.6	590
72	78	0	0	0	0	21631.5	591
79	81	0	0	0	0	39191.5	592
79	63	0	0	0	0	35648.8	593
74	77	0	0	0	0	26446.8	594
72	73	0	0	0	0	20837.6	595
67	81	0	0	0	0	39605.5	596
75	80	0	0	0	0	31656.6	597
85	91	0	0	0	0	25224.4	598
76	84	0	0	0	0	39050.8	599
89	88	0	0	0	0	33882.4	600
82	71	0	0	0	0	37817.8	601
60	83	0	0	0	0	33700.1	602
77	82	0	0	0	0	29379.1	603
83	84	0	0	0	0	21689.2	604
83	75	0	0	0	0	25224.7	605
98	85	0	0	0	0	32869.7	606
86	67	0	0	0	0	35706.0	607
83	80	0	0	0	0	23029.5	608
73	62	0	0	0	0	37483.1	609
75	75	0	0	0	0	36758.4	610
90	91	0	0	0	0	28180.5	611
78	90	0	0	0	0	27212.3	612
85	81	0	0	0	0	37181.7	613
69	67	0	0	0	0	32011.7	614
77	85	0	0	0	0	35305.7	615
85	79	0	0	0	0	24895.6	616
82	82	0	0	0	0	21653.0	617
87	93	0	0	0	0	39684.7	618
82	81	0	0	0	0	37201.7	619
97	87	0	0	0	0	33275.5	620
89	80	0	0	0	0	33836.8	621
74	73	0	0	0	0	37019.2	622
80	101	0	0	0	0	38013.1	623
82	79	0	0	0	0	30858.8	624
86	84	0	0	0	0	39567.0	625
82	89	0	0	0	0	35701.2	626
97	86	0	0	0	0	25107.2	627
81	69	0	0	0	0	30769.3	628
98	78	0	0	0	0	21370.2	629
75	85	0	0	0	0	25186.1	630
107	93	0	0	0	0	27597.4	631
89	84	0	0	0	0	36341.9	632
103	91	0	0	0	0	26127.3	633
66	99	0	0	0	0	33147.6	634
84	96	0	0	0	0	32493.9	635
84	74	0	0	0	0	38671.9	636
94	90	0	0	0	0	39044.2	637
85	89	0	0	0	0	36789.5	638
99	83	0	0	0	0	36430.8	639
110	85	0	0	0	0	20016.9	640
89	78	0	0	0	0	36744.9	641
91	96	0	0	0	0	20773.6	642
76	80	0	0	0	0	26322.1	643
100	97	0	0	0	0	25201.0	644
90	78	0	0	0	0	35034.5	645
87	100	0	0	0	0	22436.1	646
103	92	0	0	0	0	22905.9	647
74	95	0	0	0	0	32391.6	648
93	79	0	0	0	0	23683.2	649
83	95	0	0	0	0	37180.1	650
92	80	0	0	0	0	37219.6	651
99	107	0	0	0	0	20766.5	652
82	80	0	0	0	0	38790.9	653
94	81	0	0	0	0	28010.8	654
85	101	0	0	0	0	36385.0	655
76	85	0	0	0	0	38588.9	656
102	73	0	0	0	0	37017.9	657
100	100	0	0	0	0	26708.4	658
96	95	0	0	0	0	29623.1	659
96	92	0	0	0	0	21670.8	660
83	92	0	0	0	0	37903.5	661
118	87	0	0	0	0	23915.6	662
91	108	0	0	0	0	20898.2	663
94	84	0	0	0	0	24906.2	664
87	108	0	0	0	0	21921.4	665
91	93	0	0	0	0	35400.8	666
86	120	0	0	0	0	23591.6	667
102	89	0	0	0	0	28736.4	668
118	108	0	0	0	0	21705.9	669
98	101	0	0	0	0	28781.6	670
84	92	0	0	0	0	31565.5	671
99	91	0	0	0	0	34391.1	672
98	115	0	0	0	0	23904.7	673
108	104	0	0	0	0	35490.3	674
102	106	0	0	0	0	29843.9	675
87	105	0	0	0	0	23437.3	676
116	104	0	0	0	0	37263.9	677
89	93	0	0	0	0	38541.4	678
120	104	0	0	0	0	39820.4	679
93	94	0	0	0	0	37531.7	680
106	92	0	0	0	0	21022.0	681
103	109	0	0	0	0	37844.1	682
99	92	0	0	0	0	26754.2	683
86	106	0	0	0	0	39693.9	684
97	87	0	0	0	0	35972.2	685
107	113	0	0	0	0	24472.0	686
97	114	0	0	0	0	29356.9	687
113	92	0	0	0	0	22876.8	688
120	107	0	0	0	0	23788.3	689
98	121	0	0	0	0	36169.0	690
106	106	0	0	0	0	25698.6	691
111	99	0	0	0	0	28567.4	692
89	107	0	0	0	0	28619.0	693
98	109	0	0	0	0	22531.4	694
102	97	0	0	0	0	39478.5	695
115	109	0	0	0	0	26879.3	696
102	101	0	0	0	0	32405.7	697
116	107	0	0	0	0	21629.2	698
97	108	0	0	0	0	37865.2	699
101	106	0	0	0	0	34292.2	700
95	105	0	0	0	0	27078.3	701
115	104	0	0	0	0	36521.0	702
96	119	0	0	0	0	22818.2	703
114	104	0	0	0	0	21342.3	704
106	105	0	0	0	0	39236.0	705
108	108	0	0	0	0	25898.4	706
98	126	0	0	0	0	26544.5	707
123	116	0	0	0	0	25332.8	708
117	110	0	0	0	0	36563.8	709
112	86	0	0	0	0	22266.8	710
103	98	0	0	0	0	26017.7	711
115	119	0	0	0	0	22429.8	712
105	97	0	0	0	0	20195.7	713
115	101	0	0	0	0	29630.1	714
114	116	0	0	0	0	39523.4	715
113	131	0	0	0	0	25452.7	716
125	110	0	0	0	0	38803.2	717
100	119	0	0	0	0	26217.5	718
118	115	0	0	0	0	29700.5	719
113	106	0	0	0	0	36923.4	720
127	120	0	0	0	0	20643.3	721
111	104	0	0	0	0	26324.4	722
108	112	0	0	0	0	24176.5	723
122	135	0	0	0	0	25491.6	724
106	115	0	0	0	0	33577.1	725
119	130	0	0	0	0	22037.8	726
107	116	0	0	0	0	34063.2	727
121	139	0	0	0	0	25160.2	728
116	115	0	0	0	0	39676.2	729
115	114	0	0	0	0	30109.2	730
99	101	0	0	0	0	39649.3	731
112	111	0	0	0	0	28758.1	732
98	107	0	0	0	0	33722.0	733
114	125	0	0	0	0	33189.6	734
132	121	0	0	0	0	36179.1	735
119	117	0	0	0	0	20988.2	736
101	122	0	0	0	0	24059.0	737
110	120	0	0	0	0	36671.2	738
114	112	0	0	0	0	37466.5	739
132	143	0	0	0	0	39251.4	740
120	123	0	0	0	0	37847.2	741
139	102	0	0	0	0	36269.7	742
124	110	0	0	0	0	33533.1	743
128	130	0	0	0	0	25857.0	744
105	110	0	0	0	0	32221.0	745
120	110	0	0	0	0	23149.3	746
127	133	0	0	0	0	36696.5	747
121	112	0	0	0	0	28448.9	748
131	126	0	0	0	0	24569.3	749
116	128	0	0	0	0	39465.4	750
116	126	0	0	0	0	39727.6	751
131	129	0	0	0	0	37760.4	752
143	119	0	0	0	0	21467.1	753
123	144	0	0	0	0	20066.0	754
122	120	0	0	0	0	39709.2	755
124	108	0	0	0	0	25152.8	756
128	132	0	0	0	0	23097.4	757
122	134	0	0	0	0	21511.0	758
137	109	0	0	0	0	20219.2	759
136	140	0	0	0	0	35371.0	760
135	120	0	0	0	0	34657.4	761
114	117	0	0	0	0	35860.9	762
130	134	0	0	0	0	22492.9	763
132	122	0	0	0	0	39593.9	764
120	146	0	0	0	0	39401.2	765
140	125	0	0	0	0	28670.3	766
136	113	0	0	0	0	20739.4	767
144	116	0	0	0	0	23191.0	768
121	135	0	0	0	0	27464.4	769
143	136	0	0	0	0	37143.5	770
132	141	0	0	0	0	37703.4	771
127	118	0	0	0	0	37881.1	772
134	126	0	0	0	0	33344.9	773
135	126	0	0	0	0	30818.5	774
136	136	0	0	0	0	33526.5	775
138	132	0	0	0	0	33069.2	776
136	120	0	0	0	0	39539.9	777
145	149	0	0	0	0	22494.6	778
131	115	0	0	0	0	24614.8	779
135	134	0	0	0	0	34044.4	780
150	113	0	0	0	0	25465.7	781
120	138	0	0	0	0	32140.0	782
153	131	0	0	0	0	38822.6	783
129	130	0	0	0	0	35006.9	784
150	132	0	0	0	0	25138.4	785
141	136	0	0	0	0	28330.5	786
138	115	0	0	0	0	23077.6	787
118	149	0	0	0	0	20090.6	788
134	135	0	0	0	0	34502.7	789
141	131	0	0	0	0	24012.4	790
156	143	0	0	0	0	27926.9	791
146	133	0	0	0	0	33402.7	792
168	150	0	0	0	0	33690.0	793
118	153	0	0	0	0	31601.6	794
133	133	0	0	0	0	33925.9	795
133	150	0	0	0	0	20064.6	796
129	134	0	0	0	0	35333.6	797
151	144	0	0	0	0	37451.8	798
147	142	0	0	0	0	35496.3	799
144	145	0	0	0	0	32051.4	800
129	152	0	0	0	0	27683.0	801
150	157	0	0	0	0	36055.3	802
160	156	0	0	0	0	36133.0	803
139	140	0	0	0	0	28873.0	804
141	141	0	0	0	0	21195.9	805
135	160	0	0	0	0	31363.3	806
142	148	0	0	0	0	36802.6	807
146	147	0	0	0	0	39479.7	808
166	145	0	0	0	0	32458.0	809
163	160	0	0	0	0	20166.3	810
154	149	0	0	0	0	28880.0	811
141	161	0	0	0	0	22463.1	812
168	147	0	0	0	0	32155.7	813
145	146	0	0	0	0	37232.7	814
155	140	0	0	0	0	34786.2	815
163	146	0	0	0	0	28465.2	816
137	148	0	0	0	0	35795.9	817
164	161	0	0	0	0	26700.8	818
152	155	0	0	0	0	26696.4	819
143	161	0	0	0	0	23627.6	820
144	178	0	0	0	0	22242.4	821
166	147	0	0	0	0	20384.3	822
147	162	0	0	0	0	24260.5	823
174	150	0	0	0	0	26024.0	824
139	147	0	0	0	0	39476.8	825
141	168	0	0	0	0	32048.0	826
158	127	0	0	0	0	31582.1	827
164	138	0	0	0	0	39710.0	828
153	155	0	0	0	0	30816.8	829
170	135	0	0	0	0	20159.7	830
172	137	0	0	0	0	37016.0	831
177	166	0	0	0	0	31948.5	832
168	158	0	0	0	0	33735.7	833
165	139	0	0	0	0	31847.9	834
145	171	0	0	0	0	25703.8	835
143	159	0	0	0	0	35938.3	836
176	157	0	0	0	0	21627.6	837
157	162	0	0	0	0	23661.2	838
164	138	0	0	0	0	34607.8	839
168	156	0	0	0	0	39627.2	840
148	172	0	0	0	0	36341.3	841
157	152	0	0	0	0	29673.7	842
145	176	0	0	0	0	35456.6	843
156	162	0	0	0	0	34929.2	844
162	159	0	0	0	0	39927.4	845
169	168	0	0	0	0	36295.8	846
155	187	0	0	0	0	35477.4	847
160	158	0	0	0	0	20342.3	848
158	162	0	0	0	0	38466.4	849
163	179	0	0	0	0	20739.0	850
183	160	0	0	0	0	36114.1	851
159	149	0	0	0	0	38110.0	852
149	167	0	0	0	0	25111.1	853
169	145	0	0	0	0	20791.0	854
163	178	0	0	0	0	24962.2	855
166	192	0	0	0	0	37219.8	856
186	175	0	0	0	0	23060.5	857
153	160	0	0	0	0	30566.7	858
168	189	0	0	0	0	35510.6	859
175	202	0	0	0	0	32009.7	860
181	174	0	0	0	0	30081.3	861
187	167	0	0	0	0	33266.9	862
141	166	0	0	0	0	26102.1	863
163	174	0	0	0	0	34732.6	864
175	167	0	0	0	0	36513.6	865
144	179	0	0	0	0	27915.7	866
182	165	0	0	0	0	25354.0	867
165	173	0	0	0	0	20630.4	868
211	164	0	0	0	0	28671.9	869
184	166	0	0	0	0	35721.6	870
179	161	0	0	0	0	26782.3	871
188	160	0	0	0	0	24595.0	872
209	183	0	0	0	0	21251.3	873
164	184	0	0	0	0	38245.3	874
164	167	0	0	0	0	38484.1	875
200	185	0	0	0	0	25624.7	876
193	163	0	0	0	0	39547.2	877
178	188	0	0	0	0	21918.3	878
185	180	0	0	0	0	24240.2	879
174	179	0	0	0	0	22644.0	880
177	193	0	0	0	0	28258.2	881
162	182	0	0	0	0	34531.0	882
195	193	0	0	0	0	22809.3	883
212	209	0	0	0	0	23172.5	884
207	207	0	0	0	0	30121.2	885
202	190	0	0	0	0	25722.2	886
182	214	0	0	0	0	39780.0	887
164	183	0	0	0	0	30302.7	888
198	168	0	0	0	0	32489.8	889
186	191	0	0	0	0	26297.2	890
188	202	0	0	0	0	39146.0	891
206	203	0	0	0	0	36425.5	892
189	202	0	0	0	0	21924.6	893
201	222	0	0	0	0	29086.3	894
192	195	0	0	0	0	39120.5	895
190	188	0	0	0	0	29432.2	896
188	203	0	0	0	0	38303.0	897
190	192	0	0	0	0	36712.0	898
166	200	0	0	0	0	31734.7	899
175	236	0	0	0	0	20183.5	900
197	203	0	0	0	0	39676.4	901
195	187	0	0	0	0	37984.5	902
195	213	0	0	0	0	39213.9	903
196	192	0	0	0	0	35951.4	904
204	200	0	0	0	0	27204.7	905
191	205	0	0	0	0	36772.5	906
201	202	0	0	0	0	31386.9	907
207	201	0	0	0	0	25817.8	908
208	190	0	0	0	0	24425.1	909
202	204	0	0	0	0	35981.6	910
207	226	0	0	0	0	32041.4	911
190	202	0	0	0	0	21930.3	912
199	234	0	0	0	0	26042.8	913
193	178	0	0	0	0	20223.0	914
194	193	0	0	0	0	30270.8	915
188	207	0	0	0	0	27632.4	916
190	239	0	0	0	0	30100.4	917
230	224	0	0	0	0	33073.7	918
181	205	0	0	0	0	24425.2	919
199	220	0	0	0	0	39382.3	920
199	221	0	0	0	0	20863.7	921
191	235	0	0	0	0	33122.6	922
205	191	0	0	0	0	29946.9	923
209	194	0	0	0	0	23915.6	924
202	222	0	0	0	0	23144.6	925
208	244	0	0	0	0	20823.0	926
203	230	0	0	0	0	35240.3	927
202	196	0	0	0	0	39323.5	928
205	204	0	0	0	0	32055.1	929
218	211	0	0	0	0	28267.8	930
206	187	0	0	0	0	27609.6	931
223	222	0	0	0	0	36049.5	932
200	209	0	0	0	0	39921.4	933
216	208	0	0	0	0	32064.4	934
226	209	0	0	0	0	30225.2	935
225	203	0	0	0	0	28551.8	936
192	220	0	0	0	0	39752.8	937
233	222	0	0	0	0	29471.9	938
224	201	0	0	0	0	35772.6	939
229	238	0	0	0	0	22540.5	940
217	206	0	0	0	0	27498.6	941
211	213	0	0	0	0	26202.3	942
198	204	0	0	0	0	20129.8	943
233	262	0	0	0	0	36584.5	944
223	196	0	0	0	0	29233.1	945
234	257	0	0	0	0	32203.3	946
233	222	0	0	0	0	22336.0	947
245	229	0	0	0	0	26824.3	948
213	225	0	0	0	0	26781.2	949
249	206	0	0	0	0	33109.6	950
227	210	0	0	0	0	31150.4	951
226	231	0	0	0	0	34689.7	952
233	243	0	0	0	0	23304.1	953
201	248	0	0	0	0	39232.9	954
240	218	0	0	0	0	39235.1	955
241	235	0	0	0	0	20842.3	956
214	223	0	0	0	0	31022.0	957
214	215	0	0	0	0	38534.5	958
240	254	0	0	0	0	26320.0	959
223	208	0	0	0	0	21570.9	960
249	234	0	0	0	0	35305.7	961
232	236	0	0	0	0	28214.5	962
222	231	0	0	0	0	36542.2	963
243	218	0	0	0	0	21778.4	964
240	236	0	0	0	0	21699.7	965
231	258	0	0	0	0	28257.3	966
236	214	0	0	0	0	32606.2	967
240	239	0	0	0	0	33368.3	968
249	256	0	0	0	0	37781.9	969
256	241	0	0	0	0	31512.6	970
236	247	0	0	0	0	28027.2	971
242	244	0	0	0	0	26169.5	972
215	234	0	0	0	0	25210.9	973
238	243	0	0	0	0	23108.2	974
238	237	0	0	0	0	32992.5	975
237	251	0	0	0	0	28619.4	976
275	218	0	0	0	0	25229.2	977
264	270	0	0	0	0	20584.5	978
253	231	0	0	0	0	30133.7	979
220	235	0	0	0	0	21355.8	980
236	233	0	0	0	0	35677.5	981
240	266	0	0	0	0	38700.4	982
247	250	0	0	0	0	35490.1	983
251	246	0	0	0	0	27208.4	984
264	268	0	0	0	0	37408.0	985
232	247	0	0	0	0	34745.3	986
268	260	0	0	0	0	22538.1	987
268	253	0	0	0	0	22744.4	988
278	231	0	0	0	0	24223.2	989
248	252	0	0	0	0	21243.3	990
268	237	0	0	0	0	37456.5	991
262	216	0	0	0	0	39516.0	992
268	246	0	0	0	0	31270.7	993
255	238	0	0	0	0	28863.7	994
283	255	0	0	0	0	22551.4	995
226	237	0	0	0	0	29790.6	996
275	240	0	0	0	0	34040.5	997
254	285	0	0	0	0	24285.0	998
255	256	0	0	0	0	36789.3	999
260	263	0	0	0	0	36872.8	1000
253	259	0	0	0	0	39845.8	1001
278	277	0	0	0	0	28094.6	1002
242	276	0	0	0	0	34443.8	1003
268	259	0	0	0	0	29654.7	1004
221	236	0	0	0	0	25416.8	1005
257	236	0	0	0	0	36104.0	1006
254	274	0	0	0	0	24192.4	1007
238	239	0	0	0	0	32782.0	1008
250	250	0	0	0	0	36496.8	1009
275	269	0	0	0	0	23535.9	1010
238	275	0	0	0	0	24211.7	1011
245	240	0	0	0	0	29513.7	1012
237	250	0	0	0	0	26275.7	1013
218	267	0	0	0	0	20394.8	1014
245	253	0	0	0	0	25978.9	1015
241	244	0	0	0	0	32192.0	1016
248	231	0	0	0	0	34359.6	1017
227	243	0	0	0	0	33472.5	1018
242	226	0	0	0	0	35305.9	1019
261	234	0	0	0	0	20199.7	1020
251	226	0	0	0	0	26286.9	1021
261	246	0	0	0	0	28874.4	1022
238	205	0	0	0	0	35872.9	1023
252	218	0	0	0	0	33023.2	1024
243	265	0	0	0	0	31012.1	1025
248	232	0	0	0	0	31657.7	1026
235	237	0	0	0	0	36673.7	1027
254	231	0	0	0	0	36057.2	1028
260	228	0	0	0	0	37274.3	1029
216	222	0	0	0	0	35581.3	1030
245	246	0	0	0	0	28011.2	1031
238	253	0	0	0	0	21144.4	1032
219	238	0	0	0	0	33092.0	1033
244	233	0	0	0	0	30956.5	1034
232	237	0	0	0	0	38478.2	1035
247	226	0	0	0	0	25428.5	1036
228	247	0	0	0	0	28055.3	1037
237	240	0	0	0	0	23307.0	1038
233	238	0	0	0	0	28802.0	1039
213	245	0	0	0	0	24650.6	1040
263	253	0	0	0	0	22049.0	1041
225	223	0	0	0	0	24481.2	1042
249	225	0	0	0	0	34230.3	1043
226	241	0	0	0	0	32782.3	1044
229	227	0	0	0	0	21676.8	1045
214	235	0	0	0	0	23771.4	1046
223	248	0	0	0	0	39920.7	1047
242	245	0	0	0	0	29032.4	1048
242	226	0	0	0	0	24498.1	1049
204	230	0	0	0	0	36734.2	1050
217	258	0	0	0	0	23056.8	1051
235	203	0	0	0	0	36205.1	1052
230	230	0	0	0	0	38837.5	1053
251	227	0	0	0	0	25326.6	1054
220	219	0	0	0	0	28623.9	1055
227	223	0	0	0	0	25864.6	1056
204	245	0	0	0	0	28924.5	1057
222	211	0	0	0	0	22031.3	1058
213	212	0	0	0	0	31396.4	1059
215	232	0	0	0	0	36369.9	1060
225	201	0	0	0	0	28124.2	1061
224	235	0	0	0	0	24982.6	1062
230	220	0	0	0	0	26721.3	1063
228	189	0	0	0	0	27641.5	1064
185	232	0	0	0	0	23096.5	1065
194	219	0	0	0	0	37042.4	1066
222	207	0	0	0	0	37225.3	1067
191	220	0	0	0	0	25484.3	1068
231	228	0	0	0	0	36286.7	1069
218	235	0	0	0	0	22712.6	1070
201	213	0	0	0	0	25775.1	1071
187	224	0	0	0	0	22696.7	1072
210	207	0	0	0	0	35307.4	1073
206	207	0	0	0	0	31576.2	1074
213	195	0	0	0	0	32306.9	1075
190	208	0	0	0	0	21559.7	1076
226	205	0	0	0	0	20628.7	1077
206	190	0	0	0	0	29647.8	1078
186	204	0	0	0	0	30827.3	1079
193	231	0	0	0	0	22132.6	1080
200	210	0	0	0	0	34590.0	1081
191	207	0	0	0	0	34275.1	1082
223	203	0	0	0	0	29686.0	1083
183	208	0	0	0	0	34811.1	1084
171	222	0	0	0	0	36483.9	1085
193	229	0	0	0	0	36721.7	1086
207	198	0	0	0	0	24171.8	1087
196	210	0	0	0	0	20424.8	1088
217	194	0	0	0	0	26341.5	1089
204	181	0	0	0	0	30276.4	1090
216	212	0	0	0	0	23982.8	1091
190	234	0	0	0	0	34718.7	1092
208	166	0	0	0	0	26416.9	1093
183	194	0	0	0	0	37826.6	1094
200	188	0	0	0	0	27042.3	1095
199	179	0	0	0	0	29185.2	1096
193	206	0	0	0	0	39048.8	1097
177	216	0	0	0	0	29247.9	1098
192	156	0	0	0	0	23660.1	1099
213	196	0	0	0	0	27295.9	1100
187	170	0	0	0	0	39084.5	1101
200	196	0	0	0	0	35566.2	1102
190	204	0	0	0	0	32289.8	1103
201	160	0	0	0	0	34116.0	1104
197	189	0	0	0	0	28723.9	1105
182	212	0	0	0	0	24150.5	1106
208	186	0	0	0	0	36364.2	1107
184	200	0	0	0	0	28433.0	1108
166	188	0	0	0	0	27539.7	1109
208	209	0	0	0	0	33065.5	1110
180	192	0	0	0	0	33404.3	1111
196	171	0	0	0	0	35794.6	1112
180	204	0	0	0	0	30461.5	1113
196	179	0	0	0	0	22688.2	1114
184	200	0	0	0	0	28873.0	1115
189	171	0	0	0	0	23242.2	1116
182	200	0	0	0	0	38277.8	1117
182	188	0	0	0	0	34677.2	1118
188	196	0	0	0	0	31645.1	1119
190	189	0	0	0	0	30212.1	1120
177	201	0	0	0	0	23852.4	1121
186	194	0	0	0	0	27844.5	1122
190	181	0	0	0	0	29141.3	1123
200	173	0	0	0	0	31040.9	1124
179	174	0	0	0	0	29146.1	1125
193	197	0	0	0	0	35070.0	1126
175	160	0	0	0	0	28474.4	1127
164	196	0	0	0	0	33219.9	1128
157	168	0	0	0	0	32576.8	1129
159	166	0	0	0	0	24030.2	1130
170	190	0	0	0	0	37400.3	1131
166	164	0	0	0	0	20473.6	1132
194	170	0	0	0	0	33183.7	1133
181	168	0	0	0	0	35291.2	1134
184	185	0	0	0	0	32154.5	1135
181	179	0	0	0	0	35663.1	1136
174	163	0	0	0	0	28240.3	1137
169	163	0	0	0	0	32756.5	1138
162	184	0	0	0	0	30001.5	1139
183	176	0	0	0	0	32599.2	1140
191	162	0	0	0	0	23365.9	1141
173	168	0	0	0	0	27307.3	1142
193	146	0	0	0	0	21316.9	1143
143	153	0	0	0	0	27228.9	1144
149	169	0	0	0	0	20416.4	1145
176	149	0	0	0	0	28382.9	1146
168	178	0	0	0	0	24088.5	1147
165	186	0	0	0	0	33367.0	1148
176	172	0	0	0	0	24506.5	1149
176	163	0	0	0	0	21815.5	1150
174	162	0	0	0	0	25145.3	1151
181	174	0	0	0	0	36407.3	1152
173	153	0	0	0	0	20622.4	1153
142	140	0	0	0	0	39587.0	1154
180	170	0	0	0	0	30068.3	1155
188	154	0	0	0	0	30893.7	1156
179	160	0	0	0	0	20981.1	1157
169	144	0	0	0	0	33748.2	1158
184	160	0	0	0	0	29953.8	1159
171	160	0	0	0	0	35687.8	1160
161	170	0	0	0	0	31855.9	1161
167	141	0	0	0	0	24961.3	1162
142	162	0	0	0	0	38395.7	1163
163	162	0	0	0	0	30700.5	1164
137	165	0	0	0	0	26871.3	1165
166	156	0	0	0	0	29235.6	1166
147	152	0	0	0	0	33018.5	1167
167	160	0	0	0	0	23993.1	1168
147	145	0	0	0	0	36514.4	1169
142	138	0	0	0	0	20635.9	1170
154	141	0	0	0	0	27138.5	1171
142	166	0	0	0	0	35136.8	1172
164	147	0	0	0	0	21733.9	1173
146	174	0	0	0	0	26944.6	1174
175	164	0	0	0	0	30115.7	1175
149	154	0	0	0	0	36426.3	1176
160	174	0	0	0	0	26329.2	1177
161	153	0	0	0	0	30919.6	1178
148	139	0	0	0	0	26453.0	1179
176	155	0	0	0	0	21101.8	1180
153	165	0	0	0	0	33497.0	1181
166	137	0	0	0	0	37978.5	1182
151	151	0	0	0	0	36383.2	1183
141	145	0	0	0	0	29280.6	1184
124	140	0	0	0	0	35900.8	1185
157	154	0	0	0	0	32129.6	1186
144	180	0	0	0	0	35476.4	1187
152	162	0	0	0	0	38174.0	1188
135	134	0	0	0	0	33734.0	1189
168	143	0	0	0	0	27265.9	1190
151	138	0	0	0	0	20932.3	1191
160	161	0	0	0	0	36243.0	1192
147	139	0	0	0	0	28699.1	1193
143	124	0	0	0	0	36328.2	1194
136	136	0	0	0	0	34569.1	1195
167	158	0	0	0	0	26619.4	1196
136	128	0	0	0	0	33951.1	1197
147	158	0	0	0	0	27279.7	1198
144	137	0	0	0	0	32228.0	1199
146	155	0	0	0	0	30970.8	1200
142	156	0	0	0	0	33988.9	1201
134	147	0	0	0	0	22726.9	1202
143	118	0	0	0	0	33411.7	1203
153	147	0	0	0	0	29807.2	1204
126	154	0	0	0	0	35555.9	1205
148	145	0	0	0	0	36753.7	1206
160	151	0	0	0	0	24920.4	1207
144	134	0	0	0	0	34629.9	1208
129	123	0	0	0	0	29073.7	1209
135	147	0	0	0	0	20313.4	1210
118	137	0	0	0	0	22772.4	1211
137	138	0	0	0	0	38234.0	1212
137	150	0	0	0	0	23397.0	1213
134	136	0	0	0	0	23606.0	1214
133	150	0	0	0	0	25824.7	1215
120	143	0	0	0	0	22107.1	1216
123	146	0	0	0	0	27515.0	1217
149	134	0	0	0	0	27262.9	1218
145	150	0	0	0	0	33107.8	1219
157	130	0	0	0	0	32765.6	1220
126	153	0	0	0	0	26531.7	1221
129	141	0	0	0	0	36394.2	1222
149	136	0	0	0	0	38842.8	1223
116	130	0	0	0	0	38936.6	1224
134	120	0	0	0	0	31399.6	1225
111	124	0	0	0	0	39972.3	1226
152	141	0	0	0	0	36133.8	1227
139	128	0	0	0	0	23138.5	1228
117	137	0	0	0	0	36585.3	1229
118	141	0	0	0	0	39321.9	1230
149	125	0	0	0	0	24227.7	1231
144	141	0	0	0	0	20879.9	1232
130	125	0	0	0	0	38814.4	1233
156	144	0	0	0	0	21782.9	1234
145	111	0	0	0	0	22044.1	1235
149	140	0	0	0	0	34948.5	1236
148	120	0	0	0	0	32779.1	1237
110	122	0	0	0	0	26179.1	1238
131	134	0	0	0	0	29800.1	1239
116	126	0	0	0	0	25602.7	1240
112	139	0	0	0	0	22031.7	1241
144	141	0	0	0	0	32462.7	1242
128	121	0	0	0	0	30943.2	1243
118	131	0	0	0	0	25977.7	1244
129	144	0	0	0	0	22549.7	1245
114	110	0	0	0	0	34922.2	1246
115	123	0	0	0	0	21970.5	1247
108	136	0	0	0	0	38095.9	1248
134	109	0	0	0	0	35280.2	1249
125	116	0	0	0	0	35686.8	1250
134	126	0	0	0	0	20428.4	1251
122	108	0	0	0	0	34064.8	1252
102	118	0	0	0	0	21078.7	1253
135	132	0	0	0	0	22703.0	1254
112	143	0	0	0	0	20636.5	1255
119	107	0	0	0	0	32698.1	1256
126	133	0	0	0	0	36836.1	1257
134	121	0	0	0	0	28318.2	1258
119	126	0	0	0	0	22817.3	1259
108	124	0	0	0	0	25973.0	1260
115	124	0	0	0	0	31818.7	1261
115	138	0	0	0	0	20005.1	1262
116	128	0	0	0	0	28905.0	1263
130	125	0	0	0	0	27006.1	1264
106	129	0	0	0	0	29015.8	1265
110	119	0	0	0	0	36514.1	1266
108	129	0	0	0	0	28626.2	1267
118	121	0	0	0	0	21142.4	1268
123	120	0	0	0	0	21799.2	1269
137	130	0	0	0	0	30515.6	1270
103	112	0	0	0	0	35507.1	1271
131	118	0	0	0	0	28709.5	1272
95	126	0	0	0	0	33329.5	1273
117	125	0	0	0	0	29066.4	1274
84	108	0	0	0	0	35725.8	1275
116	130	0	0	0	0	27954.4	1276
111	129	0	0	0	0	25364.5	1277
129	108	0	0	0	0	32066.6	1278
103	124	0	0	0	0	33591.8	1279
124	109	0	0	0	0	20302.1	1280
102	115	0	0	0	0	20452.9	1281
118	114	0	0	0	0	31179.3	1282
128	113	0	0	0	0	32135.8	1283
124	119	0	0	0	0	37182.9	1284
102	104	0	0	0	0	31952.5	1285
119	118	0	0	0	0	22792.4	1286
89	121	0	0	0	0	25181.4	1287
113	101	0	0	0	0	38168.4	1288
104	104	0	0	0	0	34079.0	1289
126	109	0	0	0	0	25726.8	1290
99	103	0	0	0	0	35321.0	1291
103	110	0	0	0	0	22000.9	1292
107	116	0	0	0	0	21700.0	1293
86	117	0	0	0	0	37715.6	1294
132	101	0	0	0	0	26991.1	1295
117	87	0	0	0	0	22589.0	1296
115	130	0	0	0	0	21288.4	1297
97	118	0	0	0	0	34673.7	1298
106	109	0	0	0	0	36231.7	1299
105	117	0	0	0	0	21631.0	1300
96	108	0	0	0	0	35638.0	1301
95	88	0	0	0	0	30100.1	1302
95	105	0	0	0	0	35237.2	1303
126	126	0	0	0	0	31184.2	1304
97	96	0	0	0	0	26600.1	1305
101	118	0	0	0	0	36322.8	1306
102	114	0	0	0	0	29180.7	1307
111	121	0	0	0	0	38816.8	1308
111	102	0	0	0	0	29783.5	1309
112	108	0	0	0	0	39398.2	1310
118	118	0	0	0	0	33343.4	1311
119	103	0	0	0	0	23191.5	1312
104	113	0	0	0	0	32578.2	1313
97	111	0	0	0	0	28286.8	1314
81	110	0	0	0	0	22157.9	1315
136	93	0	0	0	0	34896.7	1316
122	84	0	0	0	0	21878.4	1317
96	98	0	0	0	0	39400.9	1318
101	98	0	0	0	0	28223.5	1319
93	107	0	0	0	0	34871.1	1320
102	107	0	0	0	0	22854.2	1321
87	98	0	0	0	0	39180.8	1322
103	123	0	0	0	0	35876.9	1323
107	116	0	0	0	0	37592.8	1324
110	88	0	0	0	0	31852.5	1325
86	126	0	0	0	0	30203.2	1326
96	92	0	0	0	0	20066.4	1327
94	102	0	0	0	0	23441.9	1328
100	102	0	0	0	0	23529.7	1329
103	95	0	0	0	0	32701.7	1330
97	91	0	0	0	0	30138.2	1331
105	97	0	0	0	0	25155.7	1332
94	98	0	0	0	0	24482.4	1333
80	98	0	0	0	0	29340.8	1334
107	83	0	0	0	0	24853.3	1335
103	101	0	0	0	0	33579.4	1336
92	94	0	0	0	0	25531.9	1337
85	90	0	0	0	0	34913.8	1338
113	76	0	0	0	0	35201.5	1339
93	103	0	0	0	0	24473.6	1340
91	92	0	0	0	0	24005.9	1341
90	109	0	0	0	0	27429.5	1342
103	91	0	0	0	0	24660.8	1343
86	106	0	0	0	0	34074.7	1344
97	86	0	0	0	0	20519.2	1345
109	106	0	0	0	0	29120.1	1346
98	110	0	0	0	0	37741.8	1347
100	91	0	0	0	0	31736.9	1348
77	80	0	0	0	0	26903.3	1349
88	95	0	0	0	0	28105.4	1350
106	103	0	0	0	0	31494.6	1351
87	105	0	0	0	0	31817.3	1352
84	98	0	0	0	0	29033.4	1353
97	89	0	0	0	0	24060.8	1354
97	88	0	0	0	0	26027.6	1355
115	91	0	0	0	0	29594.9	1356
96	71	0	0	0	0	32504.9	1357
93	85	0	0	0	0	24861.4	1358
86	81	0	0	0	0	20778.9	1359
81	91	0	0	0	0	25634.7	1360
93	81	0	0	0	0	37034.2	1361
90	84	0	0	0	0	29400.7	1362
81	92	0	0	0	0	23516.3	1363
87	91	0	0	0	0	33854.1	1364
73	85	0	0	0	0	39181.4	1365
88	80	0	0	0	0	30487.9	1366
96	94	0	0	0	0	36170.0	1367
81	83	0	0	0	0	21050.9	1368
100	81	0	0	0	0	30778.8	1369
82	76	0	0	0	0	33193.8	1370
86	83	0	0	0	0	32349.2	1371
89	75	0	0	0	0	27795.9	1372
82	85	0	0	0	0	31148.0	1373
98	72	0	0	0	0	24792.8	1374
81	81	0	0	0	0	33778.7	1375
96	84	0	0	0	0	22612.5	1376
93	83	0	0	0	0	27818.3	1377
79	80	0	0	0	0	25004.1	1378
85	98	0	0	0	0	36400.3	1379
71	91	0	0	0	0	23300.5	1380
91	82	0	0	0	0	39328.7	1381
92	92	0	0	0	0	26067.6	1382
87	75	0	0	0	0	23049.9	1383
84	69	0	0	0	0	23521.6	1384
81	73	0	0	0	0	34056.4	1385
87	91	0	0	0	0	20522.8	1386
78	92	0	0	0	0	37843.1	1387
85	73	0	0	0	0	25545.4	1388
85	75	0	0	0	0	27177.7	1389
93	80	0	0	0	0	28760.6	1390
81	79	0	0	0	0	26667.5	1391
85	85	0	0	0	0	32143.2	1392
101	75	0	0	0	0	37474.1	1393
75	83	0	0	0	0	34873.3	1394
85	79	0	0	0	0	29530.1	1395
88	85	0	0	0	0	21842.4	1396
68	77	0	0	0	0	33245.8	1397
81	71	0	0	0	0	22132.6	1398
70	76	0	0	0	0	32984.9	1399
84	67	0	0	0	0	21545.5	1400
71	81	0	0	0	0	23672.2	1401
75	78	0	0	0	0	32844.1	1402
76	88	0	0	0	0	23373.1	1403
92	86	0	0	0	0	22439.5	1404
88	79	0	0	0	0	37025.4	1405
78	66	0	0	0	0	25443.0	1406
79	82	0	0	0	0	24830.5	1407
89	59	0	0	0	0	35475.3	1408
76	87	0	0	0	0	34025.6	1409
76	83	0	0	0	0	34318.9	1410
74	83	0	0	0	0	23680.3	1411
67	73	0	0	0	0	37923.0	1412
94	66	0	0	0	0	30374.9	1413
77	86	0	0	0	0	26604.7	1414
64	71	0	0	0	0	37834.9	1415
78	69	0	0	0	0	23199.5	1416
83	81	0	0	0	0	28325.0	1417
82	74	0	0	0	0	30003.8	1418
74	62	0	0	0	0	31030.2	1419
75	79	0	0	0	0	26319.8	1420
85	79	0	0	0	0	27399.2	1421
63	70	0	0	0	0	26033.5	1422
73	70	0	0	0	0	21579.8	1423
89	86	0	0	0	0	29131.4	1424
76	76	0	0	0	0	24399.4	1425
68	58	0	0	0	0	34984.6	1426
74	68	0	0	0	0	29461.6	1427
87	67	0	0	0	0	31228.9	1428
64	76	0	0	0	0	33018.7	1429
63	75	0	0	0	0	30626.8	1430
82	58	0	0	0	0	33222.3	1431
68	60	0	0	0	0	37946.0	1432
82	70	0	0	0	0	24156.0	1433
65	71	0	0	0	0	34571.6	1434
71	70	0	0	0	0	23302.3	1435
53	86	0	0	0	0	39888.5	1436
59	62	0	0	0	0	31640.9	1437
79	54	0	0	0	0	37066.2	1438
58	77	0	0	0	0	38832.3	1439
73	86	0	0	0	0	23049.9	1440
77	77	0	0	0	0	34924.3	1441
70	74	0	0	0	0	39931.7	1442
70	64	0	0	0	0	39858.0	1443
80	83	0	0	0	0	29701.0	1444
45	74	0	0	0	0	26179.4	1445
79	59	0	0	0	0	20488.0	1446
76	59	0	0	0	0	35730.4	1447
61	68	0	0	0	0	24712.3	1448
69	64	0	0	0	0	26460.8	1449
71	67	0	0	0	0	29009.2	1450
72	68	0	0	0	0	24806.1	1451
70	67	0	0	0	0	27067.6	1452
54	78	0	0	0	0	39748.0	1453
68	60	0	0	0	0	31414.0	1454
61	58	0	0	0	0	26473.5	1455
63	67	0	0	0	0	38458.6	1456
68	86	0	0	0	0	20008.3	1457
62	60	0	0	0	0	33565.3	1458
85	72	0	0	0	0	24731.1	1459
64	56	0	0	0	0	36026.5	1460
61	61	0	0	0	0	31157.7	1461
57	65	0	0	0	0	36867.7	1462
67	66	0	0	0	0	21463.5	1463
74	61	0	0	0	0	21196.3	1464
56	61	0	0	0	0	26064.6	1465
56	66	0	0	0	0	21466.2	1466
53	74	0	0	0	0	24721.8	1467
63	56	0	0	0	0	26349.6	1468
71	85	0	0	0	0	36473.0	1469
68	71	0	0	0	0	25878.8	1470
62	78	0	0	0	0	33293.6	1471
64	78	0	0	0	0	21925.7	1472
75	63	0	0	0	0	35367.9	1473
76	53	0	0	0	0	26330.7	1474
53	56	0	0	0	0	23244.8	1475
59	73	0	0	0	0	21843.5	1476
64	70	0	0	0	0	20347.5	1477
66	68	0	0	0	0	22709.6	1478
65	59	0	0	0	0	32998.7	1479
60	62	0	0	0	0	25955.4	1480
66	53	0	0	0	0	37527.4	1481
74	69	0	0	0	0	23312.0	1482
56	61	0	0	0	0	29989.1	1483
58	55	0	0	0	0	24182.4	1484
59	53	0	0	0	0	35495.4	1485
56	59	0	0	0	0	29005.4	1486
48	51	0	0	0	0	23857.0	1487
54	66	0	0	0	0	23378.6	1488
59	41	0	0	0	0	32127.8	1489
60	57	0	0	0	0	25527.2	1490
60	54	0	0	0	0	26648.8	1491
66	49	0	0	0	0	20791.5	1492
65	56	0	0	0	0	23200.4	1493
49	72	0	0	0	0	35292.1	1494
60	60	0	0	0	0	20122.1	1495
57	67	0	0	0	0	35846.9	1496
65	72	0	0	0	0	30846.6	1497
53	61	0	0	0	0	37214.1	1498
62	71	0	0	0	0	35560.2	1499
54	58	0	0	0	0	34001.0	1500
51	64	0	0	0	0	24823.1	1501
54	62	0	0	0	0	27708.5	1502
60	60	0	0	0	0	28609.3	1503
74	59	0	0	0	0	39417.6	1504
67	60	0	0	0	0	26483.5	1505
63	57	0	0	0	0	22422.4	1506
62	61	0	0	0	0	33897.6	1507
63	54	0	0	0	0	31768.6	1508
56	52	0	0	0	0	34811.8	1509
59	48	0	0	0	0	29194.6	1510
80	46	0	0	0	0	31072.3	1511
54	58	0	0	0	0	39780.8	1512
44	66	0	0	0	0	27616.5	1513
58	67	0	0	0	0	36810.8	1514
65	59	0	0	0	0	24060.0	1515
48	49	0	0	0	0	38704.2	1516
62	53	0	0	0	0	27982.1	1517
57	62	0	0	0	0	28486.1	1518
41	54	0	0	0	0	32829.4	1519
51	53	0	0	0	0	26324.4	1520
50	40	0	0	0	0	21080.4	1521
48	50	0	0	0	0	31024.5	1522
65	58	0	0	0	0	29271.4	1523
45	67	0	0	0	0	32460.0	1524
49	67	0	0	0	0	24515.3	1525
58	60	0	0	0	0	29950.9	1526
59	45	0	0	0	0	36787.3	1527
61	50	0	0	0	0	39943.5	1528
54	50	0	0	0	0	21771.5	1529
56	52	0	0	0	0	28436.6	1530
64	62	0	0	0	0	20813.2	1531
49	64	0	0	0	0	35176.5	1532
51	47	0	0	0	0	34988.6	1533
51	44	0	0	0	0	26272.7	1534
43	59	0	0	0	0	25126.2	1535
55	47	0	0	0	0	33947.7	1536
65	52	0	0	0	0	39944.7	1537
54	54	0	0	0	0	32514.9	1538
62	56	0	0	0	0	27090.8	1539
52	61	0	0	0	0	24920.9	1540
47	54	0	0	0	0	31366.6	1541
49	47	0	0	0	0	39234.9	1542
53	53	0	0	0	0	27629.7	1543
59	57	0	0	0	0	23146.3	1544
54	48	0	0	0	0	27681.1	1545
64	59	0	0	0	0	27361.2	1546
51	59	0	0	0	0	20429.0	1547
48	55	0	0	0	0	26529.1	1548
38	48	0	0	0	0	30981.6	1549
52	39	0	0	0	0	37754.4	1550
48	47	0	0	0	0	35345.6	1551
52	43	0	0	0	0	23613.9	1552
45	52	0	0	0	0	31226.6	1553
49	43	0	0	0	0	21330.5	1554
57	64	0	0	0	0	38656.0	1555
50	42	0	0	0	0	20033.5	1556
44	48	0	0	0	0	21570.4	1557
54	60	0	0	0	0	22610.6	1558
56	52	0	0	0	0	37611.6	1559
50	36	0	0	0	0	26538.6	1560
40	48	0	0	0	0	21362.2	1561
41	47	0	0	0	0	23308.6	1562
44	44	0	0	0	0	20065.8	1563
64	45	0	0	0	0	27784.4	1564
53	53	0	0	0	0	20950.5	1565
50	48	0	0	0	0	21366.5	1566
41	51	0	0	0	0	36396.3	1567
51	62	0	0	0	0	39375.5	1568
45	36	0	0	0	0	27097.7	1569
53	55	0	0	0	0	36175.8	1570
53	52	0	0	0	0	29365.3	1571
49	40	0	0	0	0	21176.9	1572
39	47	0	0	0	0	25149.8	1573
43	52	0	0	0	0	33509.9	1574
37	47	0	0	0	0	33639.2	1575
35	45	0	0	0	0	32236.8	1576
44	48	0	0	0	0	31811.5	1577
55	47	0	0	0	0	27316.2	1578
38	34	0	0	0	0	32206.1	1579
49	61	0	0	0	0	28049.4	1580
48	62	0	0	0	0	31989.2	1581
43	52	0	0	0	0	30300.0	1582
44	56	0	0	0	0	22588.5	1583
47	39	0	0	0	0	36377.0	1584
41	36	0	0	0	0	34435.6	1585
55	42	0	0	0	0	26980.1	1586
48	42	0	0	0	0	25556.7	1587
39	59	0	0	0	0	32327.6	1588
33	49	0	0	0	0	31792.6	1589
48	34	0	0	0	0	28347.8	1590
37	48	0	0	0	0	33368.8	1591
39	40	0	0	0	0	35727.2	1592
39	58	0	0	0	0	37948.9	1593
39	37	0	0	0	0	27065.2	1594
49	45	0	0	0	0	20965.4	1595
39	43	0	0	0	0	39073.1	1596
39	35	0	0	0	0	23828.5	1597
43	39	0	0	0	0	29463.9	1598
39	46	0	0	0	0	39818.5	1599
48	42	0	0	0	0	30498.8	1600
42	49	0	0	0	0	23630.5	1601
31	45	0	0	0	0	22870.8	1602
44	52	0	0	0	0	36718.6	1603
43	57	0	0	0	0	38243.6	1604
47	38	0	0	0	0	20629.2	1605
45	53	0	0	0	0	30682.1	1606
41	46	0	0	0	0	26070.6	1607
37	50	0	0	0	0	32485.8	1608
45	38	0	0	0	0	24705.9	1609
45	44	0	0	0	0	29013.4	1610
42	34	0	0	0	0	33857.2	1611
43	41	0	0	0	0	21029.3	1612
37	55	0	0	0	0	37661.6	1613
39	47	0	0	0	0	28502.2	1614
28	31	0	0	0	0	39745.6	1615
45	51	0	0	0	0	39034.8	1616
37	53	0	0	0	0	37453.8	1617
31	41	0	0	0	0	36533.9	1618
38	38	0	0	0	0	23612.9	1619
39	36	0	0	0	0	28700.8	1620
61	31	0	0	0	0	34527.2	1621
32	48	0	0	0	0	29784.7	1622
42	48	0	0	0	0	27573.3	1623
56	39	0	0	0	0	38472.3	1624
45	30	0	0	0	0	27923.8	1625
52	40	0	0	0	0	32322.2	1626
37	48	0	0	0	0	25854.4	1627
25	43	0	0	0	0	26232.8	1628
43	42	0	0	0	0	36543.3	1629
38	46	0	0	0	0	25274.4	1630
41	39	0	0	0	0	26873.8	1631
50	36	0	0	0	0	25832.6	1632
50	48	0	0	0	0	33686.0	1633
23	27	0	0	0	0	27129.0	1634
33	42	0	0	0	0	33347.2	1635
38	43	0	0	0	0	30953.4	1636
46	45	0	0	0	0	35030.2	1637
49	46	0	0	0	0	20698.3	1638
40	45	0	0	0	0	20423.3	1639
43	46	0	0	0	0	33742.9	1640
35	40	0	0	0	0	23989.4	1641
29	41	0	0	0	0	33349.4	1642
27	36	0	0	0	0	26102.2	1643
38	25	0	0	0	0	39167.7	1644
52	50	0	0	0	0	30754.5	1645
36	30	0	0	0	0	29352.8	1646
39	36	0	0	0	0	24942.2	1647
41	27	0	0	0	0	22855.6	1648
30	38	0	0	0	0	23388.2	1649
43	48	0	0	0	0	37337.9	1650
39	34	0	0	0	0	39880.8	1651
25	37	0	0	0	0	31258.1	1652
39	38	0	0	0	0	31579.4	1653
30	31	0	0	0	0	29875.6	1654
41	39	0	0	0	0	24980.2	1655
38	31	0	0	0	0	34522.4	1656
44	42	0	0	0	0	27260.1	1657
43	36	0	0	0	0	26675.0	1658
37	32	0	0	0	0	26706.4	1659
50	29	0	0	0	0	39347.4	1660
30	30	0	0	0	0	37272.6	1661
44	41	0	0	0	0	38591.5	1662
33	46	0	0	0	0	28102.3	1663
30	38	0	0	0	0	39073.9	1664
38	34	0	0	0	0	23488.0	1665
41	42	0	0	0	0	33046.8	1666
43	29	0	0	0	0	26490.4	1667
29	36	0	0	0	0	22772.2	1668
45	32	0	0	0	0	39774.7	1669
26	38	0	0	0	0	36139.5	1670
34	38	0	0	0	0	35266.5	1671
39	28	0	0	0	0	27191.7	1672
30	43	0	0	0	0	35980.2	1673
34	35	0	0	0	0	22071.4	1674
32	29	0	0	0	0	33153.4	1675
36	36	0	0	0	0	22194.3	1676
35	30	0	0	0	0	23197.5	1677
38	30	0	0	0	0	24212.9	1678
38	36	0	0	0	0	32961.7	1679
38	37	0	0	0	0	39359.8	1680
39	39	0	0	0	0	32586.8	1681
35	29	0	0	0	0	22036.1	1682
24	42	0	0	0	0	20821.1	1683
36	32	0	0	0	0	32748.6	1684
29	18	0	0	0	0	24811.6	1685
31	24	0	0	0	0	29583.5	1686
39	35	0	0	0	0	28563.3	1687
41	33	0	0	0	0	35715.5	1688
31	37	0	0	0	0	24959.8	1689
32	35	0	0	0	0	25230.6	1690
39	40	0	0	0	0	38420.2	1691
35	38	0	0	0	0	20782.7	1692
30	28	0	0	0	0	37416.6	1693
45	34	0	0	0	0	21235.9	1694
25	37	0	0	0	0	35746.7	1695
31	37	0	0	0	0	29128.3	1696
35	37	0	0	0	0	29083.8	1697
30	21	0	0	0	0	23333.9	1698
31	37	0	0	0	0	38498.9	1699
38	33	0	0	0	0	28400.7	1700
24	41	0	0	0	0	28863.9	1701
26	30	0	0	0	0	24795.9	1702
30	25	0	0	0	0	24058.6	1703
31	32	0	0	0	0	34490.4	1704
30	40	0	0	0	0	25485.0	1705
49	44	0	0	0	0	34516.0	1706
24	23	0	0	0	0	32484.5	1707
21	27	0	0	0	0	36899.0	1708
24	31	0	0	0	0	32624.4	1709
32	24	0	0	0	0	23608.2	1710
30	23	0	0	0	0	28277.1	1711
36	29	0	0	0	0	29266.1	1712
31	34	0	0	0	0	21168.0	1713
28	37	0	0	0	0	33115.7	1714
41	28	0	0	0	0	39197.3	1715
36	34	0	0	0	0	25063.2	1716
39	31	0	0	0	0	27420.7	1717
40	29	0	0	0	0	20077.1	1718
21	32	0	0	0	0	29633.8	1719
33	27	0	0	0	0	22414.7	1720
33	25	0	0	0	0	20384.7	1721
30	37	0	0	0	0	28848.1	1722
19	29	0	0	0	0	25257.1	1723
21	32	0	0	0	0	28353.4	1724
40	29	0	0	0	0	38241.9	1725
28	27	0	0	0	0	38384.8	1726
27	27	0	0	0	0	32194.2	1727
29	26	0	0	0	0	28234.6	1728
29	32	0	0	0	0	33808.0	1729
26	25	0	0	0	0	35248.7	1730
34	19	0	0	0	0	28610.7	1731
29	21	0	0	0	0	29450.3	1732
32	35	0	0	0	0	29359.2	1733
20	24	0	0	0	0	22654.5	1734
30	38	0	0	0	0	30995.2	1735
19	24	0	0	0	0	27826.1	1736
31	26	0	0	0	0	29859.8	1737
22	36	0	0	0	0	39306.4	1738
24	31	0	0	0	0	38389.2	1739
23	33	0	0	0	0	29222.1	1740
21	35	0	0	0	0	32357.0	1741
34	25	0	0	0	0	31007.0	1742
29	35	0	0	0	0	25261.6	1743
25	35	0	0	0	0	24591.0	1744
39	33	0	0	0	0	36520.4	1745
33	24	0	0	0	0	21349.9	1746
15	32	0	0	0	0	38596.2	1747
24	28	0	0	0	0	32455.3	1748
37	28	0	0	0	0	33117.1	1749
24	26	0	0	0	0	20191.4	1750
27	26	0	0	0	0	37122.7	1751
28	28	0	0	0	0	31817.6	1752
24	32	0	0	0	0	21640.6	1753
27	32	0	0	0	0	37707.3	1754
27	31	0	0	0	0	25765.8	1755
41	24	0	0	0	0	31058.9	1756
31	26	0	0	0	0	25662.8	1757
24	30	0	0	0	0	33766.9	1758
24	21	0	0	0	0	37459.1	1759
23	23	0	0	0	0	35987.0	1760
20	24	0	0	0	0	24720.7	1761
23	25	0	0	0	0	27072.5	1762
26	26	0	0	0	0	23538.0	1763
22	24	0	0	0	0	38908.9	1764
28	26	0	0	0	0	21201.7	1765
32	27	0	0	0	0	39127.4	1766
34	26	0	0	0	0	31912.5	1767
26	31	0	0	0	0	23954.8	1768
22	19	0	0	0	0	21499.0	1769
31	30	0	0	0	0	36557.7	1770
35	19	0	0	0	0	24567.2	1771
29	20	0	0	0	0	20605.5	1772
28	19	0	0	0	0	33839.4	1773
31	29	0	0	0	0	24108.0	1774
26	26	0	0	0	0	21327.2	1775
26	26	0	0	0	0	26299.2	1776
20	22	0	0	0	0	26284.9	1777
29	28	0	0	0	0	33453.7	1778
21	26	0	0	0	0	23843.3	1779
36	14	0	0	0	0	32999.9	1780
25	31	0	0	0	0	37414.9	1781
16	26	0	0	0	0	35402.6	1782
23	28	0	0	0	0	26367.5	1783
24	22	0	0	0	0	38014.5	1784
29	23	0	0	0	0	35637.9	1785
36	23	0	0	0	0	26569.1	1786
30	27	0	0	0	0	22695.1	1787
18	25	0	0	0	0	23887.2	1788
26	23	0	0	0	0	28015.7	1789
18	21	0	0	0	0	32863.2	1790
25	35	0	0	0	0	23111.7	1791
24	22	0	0	0	0	30211.1	1792
17	18	0	0	0	0	26374.8	1793
29	14	0	0	0	0	32015.1	1794
23	27	0	0	0	0	21726.4	1795
25	19	0	0	0	0	31158.2	1796
25	23	0	0	0	0	21243.3	1797
26	20	0	0	0	0	20169.3	1798
25	20	0	0	0	0	31079.2	1799
21	26	0	0	0	0	37488.6	1800
23	28	0	0	0	0	20458.7	1801
32	28	0	0	0	0	25913.6	1802
24	21	0	0	0	0	20840.7	1803
25	26	0	0	0	0	25627.1	1804
24	17	0	0	0	0	23657.9	1805
31	28	0	0	0	0	27768.1	1806
19	23	0	0	0	0	25971.5	1807
19	22	0	0	0	0	28270.6	1808
34	15	0	0	0	0	34069.0	1809
19	19	0	0	0	0	21670.5	1810
20	20	0	0	0	0	22564.1	1811
26	33	0	0	0	0	26891.8	1812
23	25	0	0	0	0	29507.0	1813
24	16	0	0	0	0	36711.8	1814
23	19	0	0	0	0	37819.4	1815
16	23	0	0	0	0	39628.1	1816
21	26	0	0	0	0	29901.8	1817
19	21	0	0	0	0	35174.8	1818
26	14	0	0	0	0	25862.0	1819
20	36	0	0	0	0	27983.2	1820
28	15	0	0	0	0	21374.5	1821
23	32	0	0	0	0	28443.2	1822
30	33	0	0	0	0	26968.5	1823
19	27	0	0	0	0	26124.6	1824
24	22	0	0	0	0	28238.5	1825
22	18	0	0	0	0	20013.2	1826
22	25	0	0	0	0	21231.2	1827
16	22	0	0	0	0	31592.6	1828
18	18	0	0	0	0	35703.5	1829
13	26	0	0	0	0	37609.4	1830
19	22	0	0	0	0	24411.0	1831
15	26	0	0	0	0	39509.8	1832
24	26	0	0	0	0	26367.8	1833
19	19	0	0	0	0	32083.0	1834
24	32	0	0	0	0	27304.7	1835
18	18	0	0	0	0	25948.3	1836
28	24	0	0	0	0	25673.5	1837
24	18	0	0	0	0	30645.3	1838
38	15	0	0	0	0	30105.0	1839
23	23	0	0	0	0	39383.7	1840
23	34	0	0	0	0	34346.9	1841
32	15	0	0	0	0	22257.5	1842
25	14	0	0	0	0	24828.4	1843
22	16	0	0	0	0	24236.0	1844
26	15	0	0	0	0	39859.7	1845
14	15	0	0	0	0	24418.2	1846
23	32	0	0	0	0	36193.7	1847
13	23	0	0	0	0	27418.4	1848
20	11	0	0	0	0	21635.8	1849
13	18	0	0	0	0	25122.8	1850
28	28	0	0	0	0	21776.8	1851
18	28	0	0	0	0	34527.8	1852
21	19	0	0	0	0	38244.0	1853
19	27	0	0	0	0	31883.0	1854
23	24	0	0	0	0	23489.9	1855
17	15	0	0	0	0	22945.0	1856
22	14	0	0	0	0	26219.2	1857
19	25	0	0	0	0	38876.0	1858
24	14	0	0	0	0	34278.0	1859
14	14	0	0	0	0	30217.2	1860
25	18	0	0	0	0	37773.0	1861
15	25	0	0	0	0	21404.4	1862
11	24	0	0	0	0	37628.8	1863
21	16	0	0	0	0	39430.0	1864
14	13	0	0	0	0	25385.5	1865
9	19	0	0	0	0	32914.0	1866
18	19	0	0	0	0	21344.0	1867
17	18	0	0	0	0	39977.3	1868
19	23	0	0	0	0	24294.6	1869
18	20	0	0	0	0	26157.5	1870
16	17	0	0	0	0	37746.6	1871
13	20	0	0	0	0	21047.0	1872
21	15	0	0	0	0	23129.3	1873
15	13	0	0	0	0	25948.8	1874
17	14	0	0	0	0	26853.8	1875
11	26	0	0	0	0	24722.6	1876
22	16	0	0	0	0	33493.7	1877
21	21	0	0	0	0	29479.5	1878
17	23	0	0	0	0	22274.7	1879
13	17	0	0	0	0	27993.4	1880
18	23	0	0	0	0	25061.8	1881
15	23	0	0	0	0	38912.1	1882
25	16	0	0	0	0	39796.0	1883
25	20	0	0	0	0	30115.0	1884
24	24	0	0	0	0	23721.4	1885
19	9	0	0	0	0	38209.7	1886
15	14	0	0	0	0	28911.1	1887
24	19	0	0	0	0	28932.2	1888
20	12	0	0	0	0	36391.4	1889
17	20	0	0	0	0	24792.8	1890
19	14	0	0	0	0	28680.2	1891
17	9	0	0	0	0	29584.4	1892
17	24	0	0	0	0	22396.8	1893
13	16	0	0	0	0	30435.4	1894
15	17	0	0	0	0	26544.0	1895
24	16	0	0	0	0	24245.2	1896
17	23	0	0	0	0	34244.5	1897
18	11	0	0	0	0	28940.2	1898
19	12	0	0	0	0	24190.6	1899
21	16	0	0	0	0	38461.8	1900
23	16	0	0	0	0	20572.5	1901
14	18	0	0	0	0	27064.6	1902
11	12	0	0	0	0	25136.9	1903
17	18	0	0	0	0	35635.3	1904
20	20	0	0	0	0	20957.0	1905
13	10	0	0	0	0	23040.5	1906
19	14	0	0	0	0	34429.3	1907
13	17	0	0	0	0	33635.5	1908
18	17	0	0	0	0	22599.1	1909
12	21	0	0	0	0	24622.2	1910
22	10	0	0	0	0	31561.5	1911
19	22	0	0	0	0	33213.5	1912
20	22	0	0	0	0	38055.8	1913
17	14	0	0	0	0	28504.7	1914
20	20	0	0	0	0	37358.3	1915
17	15	0	0	0	0	27735.9	1916
16	19	0	0	0	0	23375.3	1917
24	20	0	0	0	0	38004.7	1918
23	20	0	0	0	0	27677.2	1919
13	15	0	0	0	0	31986.4	1920
22	13	0	0	0	0	22917.4	1921
22	17	0	0	0	0	35908.9	1922
18	17	0	0	0	0	37277.1	1923
26	23	0	0	0	0	27921.2	1924
19	16	0	0	0	0	27288.4	1925
15	17	0	0	0	0	21718.6	1926
18	11	0	0	0	0	29169.6	1927
7	20	0	0	0	0	30594.6	1928
14	16	0	0	0	0	30726.9	1929
13	20	0	0	0	0	23748.7	1930
16	19	0	0	0	0	20143.4	1931
16	13	0	0	0	0	22127.4	1932
18	18	0	0	0	0	36612.0	1933
18	13	0	0	0	0	34180.9	1934
17	15	0	0	0	0	34949.9	1935
15	20	0	0	0	0	31247.7	1936
16	14	0	0	0	0	39329.2	1937
10	10	0	0	0	0	26739.8	1938
22	16	0	0	0	0	33600.0	1939
22	15	0	0	0	0	33159.9	1940
11	21	0	0	0	0	38665.8	1941
18	20	0	0	0	0	21228.9	1942
15	20	0	0	0	0	39623.2	1943
21	12	0	0	0	0	23380.3	1944
23	11	0	0	0	0	30610.0	1945
8	14	0	0	0	0	34751.6	1946
11	16	0	0	0	0	33107.6	1947
14	13	0	0	0	0	39317.4	1948
8	15	0	0	0	0	36053.3	1949
18	16	0	0	0	0	31819.6	1950
12	13	0	0	0	0	35170.0	1951
19	17	0	0	0	0	30611.5	1952
14	18	0	0	0	0	26570.6	1953
8	17	0	0	0	0	27627.3	1954
14	12	0	0	0	0	22694.8	1955
14	15	0	0	0	0	20462.7	1956
15	16	0	0	0	0	33853.9	1957
20	25	0	0	0	0	23549.4	1958
17	10	0	0	0	0	26501.6	1959
19	13	0	0	0	0	31810.6	1960
16	20	0	0	0	0	30922.9	1961
16	23	0	0	0	0	27164.3	1962
13	16	0	0	0	0	27652.1	1963
20	20	0	0	0	0	24854.9	1964
11	11	0	0	0	0	28604.1	1965
13	15	0	0	0	0	25189.4	1966
13	15	0	0	0	0	39374.3	1967
14	11	0	0	0	0	22308.3	1968
9	17	0	0	0	0	36273.2	1969
14	20	0	0	0	0	39762.5	1970
14	12	0	0	0	0	27006.6	1971
22	18	0	0	0	0	29887.3	1972
14	11	0	0	0	0	24138.3	1973
8	11	0	0	0	0	27867.9	1974
13	14	0	0	0	0	30477.9	1975
10	12	0	0	0	0	21115.6	1976
17	19	0	0	0	0	39133.5	1977
15	10	0	0	0	0	23412.7	1978
12	18	0	0	0	0	39435.5	1979
8	11	0	0	0	0	38277.0	1980
10	17	0	0	0	0	36471.6	1981
14	11	0	0	0	0	35850.3	1982
15	17	0	0	0	0	23735.3	1983
20	18	0	0	0	0	24548.7	1984
11	17	0	0	0	0	34755.8	1985
14	15	0	0	0	0	30543.5	1986
9	10	0	0	0	0	25953.1	1987
12	20	0	0	0	0	32009.8	1988
13	13	0	0	0	0	37484.5	1989
12	18	0	0	0	0	20114.5	1990
4	8	0	0	0	0	37852.2	1991
17	11	0	0	0	0	28185.1	1992
16	14	0	0	0	0	26281.2	1993
9	13	0	0	0	0	21410.1	1994
16	13	0	0	0	0	33632.0	1995
13	17	0	0	0	0	28949.2	1996
10	8	0	0	0	0	25449.3	1997
16	13	0	0	0	0	34159.6	1998
13	7	0	0	0	0	29002.9	1999
14	15	0	0	0	0	20241.3	2000
